0 0.05520833283662796 0.018981480970978737 0.01666666753590107 0.037962961941957474
0 0.3283854126930237 0.018518518656492233 0.01406249962747097 0.03703703731298447
0 0.3499999940395355 0.021759258583188057 0.01354166679084301 0.043518517166376114
0 0.37109375 0.021296296268701553 0.015104166232049465 0.04259259253740311
0 0.44192707538604736 0.07314814627170563 0.02760416641831398 0.025925925001502037
0 0.5661458373069763 0.023148147389292717 0.012500000186264515 0.046296294778585434
0 0.5864583253860474 0.02222222276031971 0.01354166679084301 0.04444444552063942
0 0.608593761920929 0.02083333395421505 0.013020833022892475 0.0416666679084301
0 0.6328125 0.021296296268701553 0.01354166679084301 0.04259259253740311
0 0.6557291746139526 0.02361111156642437 0.01354166679084301 0.04722222313284874
0 0.6809895634651184 0.022685185074806213 0.015104166232049465 0.04537037014961243
0 0.7315104007720947 0.02083333395421505 0.01614583283662796 0.0416666679084301
0 0.8049479126930237 0.01944444514811039 0.015104166232049465 0.03888889029622078
0 0.854687511920929 0.02083333395421505 0.015625 0.0416666679084301
0 0.9270833134651184 0.021759258583188057 0.01979166641831398 0.043518517166376114
0 0.21406249701976776 0.07685185223817825 0.02708333358168602 0.05000000074505806
0 0.013020833022892475 0.13657407462596893 0.01875000074505806 0.05462963134050369
0 0.03281249850988388 0.13518518209457397 0.015625 0.05000000074505806
0 0.05833333358168602 0.13750000298023224 0.01666666753590107 0.05277777835726738
0 0.0807291641831398 0.1319444477558136 0.015625 0.05092592537403107
0 0.12526041269302368 0.13564814627170563 0.015104166232049465 0.05092592537403107
0 0.15000000596046448 0.14074073731899261 0.014583333395421505 0.051851850003004074
0 0.17291666567325592 0.14074073731899261 0.01666666753590107 0.051851850003004074
0 0.19635416567325592 0.14027777314186096 0.015625 0.05092592537403107
0 0.2408854216337204 0.14444445073604584 0.013020833022892475 0.04814814776182175
0 0.26119792461395264 0.14398148655891418 0.01406249962747097 0.04722222313284874
0 0.2838541567325592 0.13935184478759766 0.01354166679084301 0.05277777835726738
0 0.3070312440395355 0.14305555820465088 0.013020833022892475 0.049074072390794754
0 0.32760417461395264 0.13935184478759766 0.01354166679084301 0.05833333358168602
0 0.35078126192092896 0.14537036418914795 0.01406249962747097 0.051851850003004074
0 0.3726562559604645 0.1458333283662796 0.013020833022892475 0.05462963134050369
0 0.41848957538604736 0.14351852238178253 0.013020833022892475 0.05000000074505806
0 0.44453126192092896 0.14074073731899261 0.013020833022892475 0.05740740895271301
0 0.010677083395421505 0.192592591047287 0.01614583283662796 0.05000000074505806
0 0.02994791604578495 0.19074073433876038 0.015104166232049465 0.04444444552063942
0 0.06536458432674408 0.192592591047287 0.01406249962747097 0.04814814776182175
0 0.08385416865348816 0.1944444477558136 0.014583333395421505 0.05000000074505806
0 0.12343750149011612 0.19583334028720856 0.014583333395421505 0.05092592537403107
0 0.140625 0.19675925374031067 0.015625 0.049074072390794754
0 0.16119791567325592 0.1944444477558136 0.01406249962747097 0.051851850003004074
0 0.1809895783662796 0.19814814627170563 0.015104166232049465 0.05000000074505806
0 0.2005208283662796 0.19722221791744232 0.014583333395421505 0.04814814776182175
0 0.21901041269302368 0.2013888955116272 0.01406249962747097 0.05092592537403107
0 0.23723958432674408 0.19953703880310059 0.015104166232049465 0.05277777835726738
0 0.25729167461395264 0.19861111044883728 0.014583333395421505 0.049074072390794754
0 0.27734375 0.19861111044883728 0.01406249962747097 0.04722222313284874
0 0.2945312559604645 0.20185184478759766 0.01406249962747097 0.05000000074505806
0 0.3114583194255829 0.19907407462596893 0.01354166679084301 0.046296294778585434
0 0.33125001192092896 0.20000000298023224 0.01354166679084301 0.0555555559694767
0 0.3903645873069763 0.20000000298023224 0.013020833022892475 0.046296294778585434
0 0.4072916805744171 0.20324073731899261 0.012500000186264515 0.04722222313284874
0 0.42578125 0.20601852238178253 0.013020833022892475 0.05648148059844971
0 0.4453125 0.2023148089647293 0.012500000186264515 0.05462963134050369
0 0.4635416567325592 0.19722221791744232 0.014583333395421505 0.05925925821065903
0 0.5622395873069763 0.19629628956317902 0.01197916641831398 0.051851850003004074
0 0.5809895992279053 0.2004629671573639 0.01197916641831398 0.049074072390794754
0 0.5997396111488342 0.19861111044883728 0.013020833022892475 0.05462963134050369
0 0.620312511920929 0.2013888955116272 0.01354166679084301 0.05277777835726738
0 0.6403645873069763 0.19768518209457397 0.01406249962747097 0.05092592537403107
0 0.660937488079071 0.19629628956317902 0.012500000186264515 0.04814814776182175
0 0.6781250238418579 0.19629628956317902 0.012500000186264515 0.04444444552063942
0 0.698437511920929 0.1856481432914734 0.01354166679084301 0.05277777835726738
0 0.717968761920929 0.19861111044883728 0.015104166232049465 0.05648148059844971
0 0.737500011920929 0.20185184478759766 0.014583333395421505 0.0555555559694767
0 0.757031261920929 0.19629628956317902 0.01406249962747097 0.05370370298624039
0 0.7755208611488342 0.19814814627170563 0.014583333395421505 0.05370370298624039
0 0.7955729365348816 0.19629628956317902 0.01406249962747097 0.05740740895271301
0 0.8151041865348816 0.19675925374031067 0.014583333395421505 0.05092592537403107
0 0.8354166746139526 0.19861111044883728 0.014583333395421505 0.05277777835726738
0 0.862500011920929 0.20000000298023224 0.02812499925494194 0.051851850003004074
0 0.8713541626930237 0.19490741193294525 0.014583333395421505 0.043518517166376114
0 0.8877604007720947 0.19907407462596893 0.01614583283662796 0.0555555559694767
0 0.01171875 0.3166666626930237 0.015104166232049465 0.046296294778585434
0 0.02890625037252903 0.3194444477558136 0.01614583283662796 0.04814814776182175
0 0.0572916679084301 0.3194444477558136 0.014583333395421505 0.051851850003004074
0 0.07343749701976776 0.3203703761100769 0.01666666753590107 0.051851850003004074
0 0.10312499850988388 0.3212963044643402 0.01354166679084301 0.05000000074505806
0 0.11874999850988388 0.31990739703178406 0.01354166679084301 0.049074072390794754
0 0.13437500596046448 0.3212963044643402 0.01354166679084301 0.046296294778585434
0 0.16484375298023224 0.3245370388031006 0.013020833022892475 0.049074072390794754
0 0.18072916567325592 0.32592591643333435 0.014583333395421505 0.05000000074505806
0 0.22499999403953552 0.32777777314186096 0.012500000186264515 0.046296294778585434
0 0.24010416865348816 0.3222222328186035 0.012500000186264515 0.04814814776182175
0 0.2552083432674408 0.32499998807907104 0.012500000186264515 0.046296294778585434
0 0.27005207538604736 0.3231481611728668 0.01197916641831398 0.04444444552063942
0 0.28593748807907104 0.32777777314186096 0.012500000186264515 0.040740739554166794
0 0.30078125 0.3236111104488373 0.013020833022892475 0.049074072390794754
0 0.31640625 0.3236111104488373 0.013020833022892475 0.04722222313284874
0 0.33125001192092896 0.3236111104488373 0.014583333395421505 0.05092592537403107
0 0.3617187440395355 0.3222222328186035 0.01406249962747097 0.05370370298624039
0 0.3921875059604645 0.32592591643333435 0.01354166679084301 0.05000000074505806
0 0.40625 0.3273148238658905 0.012500000186264515 0.04537037014961243
0 0.4216145873069763 0.3296296298503876 0.013020833022892475 0.05370370298624039
0 0.43541666865348816 0.32777777314186096 0.012500000186264515 0.051851850003004074
0 0.4518229067325592 0.32870370149612427 0.013020833022892475 0.05000000074505806
0 0.04296875 0.3722222149372101 0.015104166232049465 0.04259259253740311
0 0.05859375 0.3740740716457367 0.01406249962747097 0.05000000074505806
0 0.07343749701976776 0.3768518567085266 0.014583333395421505 0.051851850003004074
0 0.08880208432674408 0.3777777850627899 0.015104166232049465 0.04444444552063942
0 0.10442708432674408 0.3782407343387604 0.015104166232049465 0.043518517166376114
0 0.1354166716337204 0.3777777850627899 0.01666666753590107 0.05370370298624039
0 0.1809895783662796 0.3819444477558136 0.01406249962747097 0.05092592537403107
0 0.21041665971279144 0.3787037134170532 0.01354166679084301 0.05740740895271301
0 0.22499999403953552 0.3787037134170532 0.012500000186264515 0.04814814776182175
0 0.23984375596046448 0.3787037134170532 0.013020833022892475 0.046296294778585434
0 0.2549479305744171 0.3777777850627899 0.013020833022892475 0.046296294778585434
0 0.26953125 0.3828703761100769 0.01406249962747097 0.049074072390794754
0 0.2861979305744171 0.38055557012557983 0.013020833022892475 0.05370370298624039
0 0.30156248807907104 0.37546294927597046 0.01354166679084301 0.049074072390794754
0 0.3307291567325592 0.3777777850627899 0.01354166679084301 0.051851850003004074
0 0.3450520932674408 0.3791666626930237 0.013020833022892475 0.05092592537403107
0 0.3609375059604645 0.38148146867752075 0.012500000186264515 0.046296294778585434
0 0.3752604126930237 0.3782407343387604 0.013020833022892475 0.049074072390794754
0 0.3916666805744171 0.3777777850627899 0.01354166679084301 0.05000000074505806
0 0.42109376192092896 0.3787037134170532 0.01197916641831398 0.04814814776182175
0 0.4361979067325592 0.38333332538604736 0.01406249962747097 0.0555555559694767
0 0.45130208134651184 0.38055557012557983 0.01197916641831398 0.05000000074505806
0 0.4677083194255829 0.380092591047287 0.012500000186264515 0.05277777835726738
0 0.5604166388511658 0.3231481611728668 0.01354166679084301 0.051851850003004074
0 0.5901041626930237 0.32685184478759766 0.01354166679084301 0.05740740895271301
0 0.6208333373069763 0.3282407522201538 0.012500000186264515 0.04722222313284874
0 0.63671875 0.33009257912635803 0.010937499813735485 0.032407406717538834
0 0.6661458611488342 0.33009257912635803 0.01354166679084301 0.04722222313284874
0 0.6820312738418579 0.3282407522201538 0.013020833022892475 0.049074072390794754
0 0.698437511920929 0.3282407522201538 0.012500000186264515 0.05277777835726738
0 0.7127603888511658 0.32592591643333435 0.013020833022892475 0.04814814776182175
0 0.7289062738418579 0.3296296298503876 0.01406249962747097 0.051851850003004074
0 0.7593749761581421 0.3273148238658905 0.01354166679084301 0.04722222313284874
0 0.7747395634651184 0.32407405972480774 0.015104166232049465 0.05370370298624039
0 0.8065103888511658 0.3305555582046509 0.01406249962747097 0.05000000074505806
0 0.8229166865348816 0.3231481611728668 0.014583333395421505 0.05925925821065903
0 0.8388020992279053 0.32777777314186096 0.015104166232049465 0.05740740895271301
0 0.8734375238418579 0.32685184478759766 0.014583333395421505 0.051851850003004074
0 0.5583333373069763 0.3810185194015503 0.01354166679084301 0.049074072390794754
0 0.5739583373069763 0.3810185194015503 0.012500000186264515 0.04537037014961243
0 0.5888020992279053 0.38055557012557983 0.01197916641831398 0.046296294778585434
0 0.6039062738418579 0.3856481611728668 0.01197916641831398 0.04537037014961243
0 0.620312511920929 0.38425925374031067 0.012500000186264515 0.05370370298624039
0 0.6361979246139526 0.3828703761100769 0.01197916641831398 0.05092592537403107
0 0.6643229126930237 0.38657405972480774 0.01406249962747097 0.04722222313284874
0 0.696093738079071 0.3856481611728668 0.01406249962747097 0.05277777835726738
0 0.7106770873069763 0.3777777850627899 0.01406249962747097 0.04444444552063942
0 0.7289062738418579 0.3819444477558136 0.013020833022892475 0.04722222313284874
0 0.7437499761581421 0.38148146867752075 0.01354166679084301 0.04814814776182175
0 0.7591145634651184 0.38055557012557983 0.01406249962747097 0.04444444552063942
0 0.7893229126930237 0.38055557012557983 0.01406249962747097 0.051851850003004074
0 0.8059895634651184 0.3847222328186035 0.01406249962747097 0.04722222313284874
0 0.8226562738418579 0.38333332538604736 0.01406249962747097 0.05370370298624039
0 0.8377603888511658 0.3847222328186035 0.013020833022892475 0.049074072390794754
0 0.8536458611488342 0.3870370388031006 0.015625 0.05740740895271301
0 0.87109375 0.3847222328186035 0.01614583283662796 0.06018518656492233
0 0.7244791388511658 0.442592591047287 0.03229166567325592 0.024074073880910873
0 0.21119791269302368 0.4486111104488373 0.02864583395421505 0.021296296268701553
0 0.02500000037252903 0.4962962865829468 0.015625 0.04814814776182175
0 0.04192708432674408 0.49537035822868347 0.013020833022892475 0.04444444552063942
0 0.05703125149011612 0.4990740716457367 0.015104166232049465 0.04814814776182175
0 0.07343749701976776 0.5 0.014583333395421505 0.046296294778585434
0 0.09010417014360428 0.4972222149372101 0.015625 0.04814814776182175
0 0.11901041865348816 0.49953705072402954 0.01406249962747097 0.04722222313284874
0 0.13619790971279144 0.49953705072402954 0.01406249962747097 0.0416666679084301
0 0.16562500596046448 0.49953705072402954 0.014583333395421505 0.05277777835726738
0 0.19296875596046448 0.5018518567085266 0.013020833022892475 0.05370370298624039
0 0.20911458134651184 0.5009258985519409 0.01406249962747097 0.05370370298624039
0 0.2536458373069763 0.5041666626930237 0.01354166679084301 0.049074072390794754
0 0.2697916626930237 0.5032407641410828 0.01354166679084301 0.04722222313284874
0 0.30000001192092896 0.5074074268341064 0.012500000186264515 0.04444444552063942
0 0.31458333134651184 0.5037037134170532 0.012500000186264515 0.04259259253740311
0 0.34557291865348816 0.5018518567085266 0.01406249962747097 0.051851850003004074
0 0.35989582538604736 0.5078703761100769 0.012500000186264515 0.0416666679084301
0 0.3752604126930237 0.5060185194015503 0.013020833022892475 0.049074072390794754
0 0.3908854126930237 0.5050926208496094 0.01197916641831398 0.03981481492519379
0 0.40546876192092896 0.5055555701255798 0.01197916641831398 0.04444444552063942
0 0.4203124940395355 0.5037037134170532 0.012500000186264515 0.04444444552063942
0 0.43541666865348816 0.5060185194015503 0.012500000186264515 0.05092592537403107
0 0.45130208134651184 0.5050926208496094 0.013020833022892475 0.049074072390794754
0 0.4677083194255829 0.5060185194015503 0.012500000186264515 0.0416666679084301
0 0.5065104365348816 0.4939814805984497 0.01406249962747097 0.05277777835726738
0 0.05911458283662796 0.5527777671813965 0.015104166232049465 0.04814814776182175
0 0.10546875 0.5555555820465088 0.015104166232049465 0.05000000074505806
0 0.13437500596046448 0.5537037253379822 0.014583333395421505 0.051851850003004074
0 0.14947916567325592 0.5564814805984497 0.01354166679084301 0.04814814776182175
0 0.16484375298023224 0.5541666746139526 0.013020833022892475 0.049074072390794754
0 0.18020834028720856 0.5583333373069763 0.014583333395421505 0.04814814776182175
0 0.21067708730697632 0.5615741014480591 0.01406249962747097 0.05277777835726738
0 0.2395833283662796 0.5583333373069763 0.012500000186264515 0.046296294778585434
0 0.25390625 0.5578703880310059 0.01406249962747097 0.043518517166376114
0 0.27005207538604736 0.5638889074325562 0.01406249962747097 0.04814814776182175
0 0.30026042461395264 0.5643518567085266 0.01406249962747097 0.049074072390794754
0 0.3140625059604645 0.5574073791503906 0.01145833358168602 0.04814814776182175
0 0.34557291865348816 0.5578703880310059 0.013020833022892475 0.05092592537403107
0 0.3606770932674408 0.5601851940155029 0.013020833022892475 0.04814814776182175
0 0.37578123807907104 0.5634258985519409 0.01406249962747097 0.05092592537403107
0 0.4036458432674408 0.5638889074325562 0.012500000186264515 0.046296294778585434
0 0.43541666865348816 0.5671296119689941 0.012500000186264515 0.05092592537403107
0 0.4507812559604645 0.5587962865829468 0.013020833022892475 0.049074072390794754
0 0.5575520992279053 0.5018518567085266 0.01197916641831398 0.04814814776182175
0 0.5736979246139526 0.5046296119689941 0.013020833022892475 0.05370370298624039
0 0.5885416865348816 0.5060185194015503 0.01145833358168602 0.043518517166376114
0 0.6036458611488342 0.5041666626930237 0.012500000186264515 0.05092592537403107
0 0.6190103888511658 0.5027777552604675 0.013020833022892475 0.04814814776182175
0 0.6341145634651184 0.5097222328186035 0.01197916641831398 0.043518517166376114
0 0.6489583253860474 0.5092592835426331 0.01354166679084301 0.046296294778585434
0 0.664843738079071 0.5092592835426331 0.013020833022892475 0.05000000074505806
0 0.6807291507720947 0.5074074268341064 0.01354166679084301 0.051851850003004074
0 0.6963541507720947 0.5064814686775208 0.01354166679084301 0.04814814776182175
0 0.7114583253860474 0.510185182094574 0.012500000186264515 0.04444444552063942
0 0.7270833253860474 0.5083333253860474 0.01354166679084301 0.04814814776182175
0 0.7588541507720947 0.5092592835426331 0.015625 0.05740740895271301
0 0.7736979126930237 0.5069444179534912 0.013020833022892475 0.04722222313284874
0 0.7885416746139526 0.5092592835426331 0.01354166679084301 0.0555555559694767
0 0.8052083253860474 0.5106481313705444 0.01354166679084301 0.049074072390794754
0 0.821093738079071 0.5120370388031006 0.01406249962747097 0.05000000074505806
0 0.8364583253860474 0.5115740895271301 0.015625 0.04537037014961243
0 0.8539062738418579 0.5111111402511597 0.013020833022892475 0.04814814776182175
0 0.8721354007720947 0.5115740895271301 0.015104166232049465 0.05277777835726738
0 0.8872395753860474 0.512499988079071 0.015104166232049465 0.04722222313284874
0 0.5580729246139526 0.5587962865829468 0.013020833022892475 0.05092592537403107
0 0.5729166865348816 0.5601851940155029 0.01145833358168602 0.046296294778585434
0 0.5874999761581421 0.5587962865829468 0.01145833358168602 0.04722222313284874
0 0.602343738079071 0.5611110925674438 0.01197916641831398 0.046296294778585434
0 0.617968738079071 0.5652777552604675 0.013020833022892475 0.05092592537403107
0 0.6502603888511658 0.5652777552604675 0.01406249962747097 0.05092592537403107
0 0.6653645634651184 0.5643518567085266 0.013020833022892475 0.049074072390794754
0 0.6799479126930237 0.5625 0.01406249962747097 0.05277777835726738
0 0.7093750238418579 0.5675926208496094 0.01354166679084301 0.04814814776182175
0 0.7260416746139526 0.5666666626930237 0.014583333395421505 0.05370370298624039
0 0.7406250238418579 0.5625 0.01354166679084301 0.049074072390794754
0 0.7567708492279053 0.5662037134170532 0.01354166679084301 0.05092592537403107
0 0.7731770873069763 0.5666666626930237 0.01406249962747097 0.05000000074505806
0 0.7890625 0.5675926208496094 0.01354166679084301 0.051851850003004074
0 0.8052083253860474 0.5657407641410828 0.01354166679084301 0.04814814776182175
0 0.8205729126930237 0.5736111402511597 0.015104166232049465 0.05648148059844971
0 0.5299479365348816 0.6560184955596924 0.02760416641831398 0.034259259700775146
0 0.08802083134651184 0.7041666507720947 0.014583333395421505 0.04722222313284874
0 0.1028645858168602 0.7064814567565918 0.01718750037252903 0.05000000074505806
0 0.14661458134651184 0.7050926089286804 0.01406249962747097 0.043518517166376114
0 0.19505208730697632 0.7032407522201538 0.015104166232049465 0.05277777835726738
0 0.22447916865348816 0.7037037014961243 0.01354166679084301 0.05370370298624039
0 0.23880209028720856 0.7083333134651184 0.01406249962747097 0.046296294778585434
0 0.25442707538604736 0.7046296000480652 0.013020833022892475 0.05370370298624039
0 0.2692708373069763 0.706944465637207 0.01354166679084301 0.05092592537403107
0 0.2838541567325592 0.707870364189148 0.01354166679084301 0.05092592537403107
0 0.31562501192092896 0.7055555582046509 0.014583333395421505 0.05370370298624039
0 0.3434895873069763 0.7046296000480652 0.01406249962747097 0.05370370298624039
0 0.3591145873069763 0.7097222208976746 0.01406249962747097 0.05462963134050369
0 0.3752604126930237 0.7083333134651184 0.013020833022892475 0.04814814776182175
0 0.40416666865348816 0.7111111283302307 0.012500000186264515 0.046296294778585434
0 0.4192708432674408 0.7111111283302307 0.012500000186264515 0.046296294778585434
0 0.4338541626930237 0.706944465637207 0.01354166679084301 0.05277777835726738
0 0.4494791626930237 0.7060185074806213 0.01354166679084301 0.049074072390794754
0 0.13333334028720856 0.7458333373069763 0.012500000186264515 0.043518517166376114
0 0.16328124701976776 0.760185182094574 0.01406249962747097 0.05000000074505806
0 0.1783854216337204 0.7620370388031006 0.015104166232049465 0.05370370298624039
0 0.26875001192092896 0.7578703761100769 0.01354166679084301 0.04722222313284874
0 0.2997395694255829 0.7629629373550415 0.01406249962747097 0.051851850003004074
0 0.3148437440395355 0.7620370388031006 0.01406249962747097 0.05000000074505806
0 0.375 0.7652778029441833 0.014583333395421505 0.05092592537403107
0 0.4039062559604645 0.7634259462356567 0.013020833022892475 0.05462963134050369
0 0.43411457538604736 0.7638888955116272 0.01406249962747097 0.05000000074505806
0 0.5572916865348816 0.7129629850387573 0.012500000186264515 0.04814814776182175
0 0.5726562738418579 0.7115740776062012 0.013020833022892475 0.05092592537403107
0 0.5885416865348816 0.7185184955596924 0.012500000186264515 0.04814814776182175
0 0.6033853888511658 0.7175925970077515 0.01197916641831398 0.04259259253740311
0 0.6182291507720947 0.7134259343147278 0.012500000186264515 0.049074072390794754
0 0.6341145634651184 0.7134259343147278 0.013020833022892475 0.049074072390794754
0 0.6481770873069763 0.7157407402992249 0.013020833022892475 0.04444444552063942
0 0.6643229126930237 0.7185184955596924 0.01406249962747097 0.04444444552063942
0 0.680468738079071 0.7166666388511658 0.01406249962747097 0.046296294778585434
0 0.696093738079071 0.7162036895751953 0.015104166232049465 0.05092592537403107
0 0.725781261920929 0.7254629731178284 0.01406249962747097 0.05277777835726738
0 0.7421875 0.7199074029922485 0.01354166679084301 0.04537037014961243
0 0.7583333253860474 0.7199074029922485 0.01354166679084301 0.04537037014961243
0 0.8046875 0.717129647731781 0.014583333395421505 0.05462963134050369
0 0.8208333253860474 0.7189815044403076 0.015625 0.05462963134050369
0 0.573437511920929 0.7671296000480652 0.01354166679084301 0.05092592537403107
0 0.602343738079071 0.7680555582046509 0.01406249962747097 0.05277777835726738
0 0.6346353888511658 0.7689814567565918 0.01197916641831398 0.05462963134050369
0 0.663281261920929 0.7777777910232544 0.013020833022892475 0.051851850003004074
0 0.757031261920929 0.7731481194496155 0.01406249962747097 0.0555555559694767
0 0.7890625 0.7773148417472839 0.014583333395421505 0.05833333358168602
0 0.8833333253860474 0.7865740656852722 0.014583333395421505 0.04722222313284874
0 0.9151041507720947 0.7847222089767456 0.01666666753590107 0.05462963134050369
0 0.11770833283662796 0.8842592835426331 0.015625 0.0555555559694767
0 0.16328124701976776 0.8833333253860474 0.015104166232049465 0.051851850003004074
0 0.22447916865348816 0.8865740895271301 0.01354166679084301 0.049074072390794754
0 0.26901042461395264 0.8884259462356567 0.015104166232049465 0.05462963134050369
0 0.29869791865348816 0.8930555582046509 0.013020833022892475 0.04537037014961243
0 0.31302082538604736 0.8902778029441833 0.01354166679084301 0.05648148059844971
0 0.3283854126930237 0.8902778029441833 0.01406249962747097 0.05462963134050369
0 0.37291666865348816 0.8847222328186035 0.01354166679084301 0.049074072390794754
0 0.2838541567325592 0.9425926208496094 0.01354166679084301 0.05000000074505806
0 0.38749998807907104 0.9435185194015503 0.01354166679084301 0.05000000074505806
0 0.40286457538604736 0.9435185194015503 0.01406249962747097 0.051851850003004074
0 0.4333333373069763 0.9435185194015503 0.01354166679084301 0.05000000074505806
0 0.4645833373069763 0.8912037014961243 0.01354166679084301 0.04537037014961243
0 0.08541666716337204 0.9393518567085266 0.015625 0.05092592537403107
0 0.5567708611488342 0.9384258985519409 0.015625 0.07500000298023224
0 0.5869791507720947 0.8912037014961243 0.014583333395421505 0.05462963134050369
0 0.6033853888511658 0.8935185074806213 0.013020833022892475 0.0555555559694767
0 0.6325520873069763 0.8935185074806213 0.01406249962747097 0.05370370298624039
0 0.6494791507720947 0.9513888955116272 0.014583333395421505 0.05648148059844971
0 0.6778646111488342 0.9527778029441833 0.01406249962747097 0.051851850003004074
0 0.6937500238418579 0.8981481194496155 0.014583333395421505 0.05000000074505806
0 0.7263020873069763 0.9009259343147278 0.013020833022892475 0.05370370298624039
0 0.7096354365348816 0.9541666507720947 0.013020833022892475 0.05092592537403107
0 0.7723958492279053 0.9037036895751953 0.014583333395421505 0.051851850003004074
0 0.7565104365348816 0.9587963223457336 0.01406249962747097 0.05462963134050369
0 0.7906249761581421 0.9574074149131775 0.01354166679084301 0.04814814776182175
0 0.821093738079071 0.9689815044403076 0.01406249962747097 0.049074072390794754
0 0.9502604007720947 0.9115740656852722 0.01718750037252903 0.05648148059844971
0 0.9828125238418579 0.9138888716697693 0.01770833320915699 0.0555555559694767
0 0.984375 0.5111111402511597 0.01666666753590107 0.05370370298624039
0 0.9895833134651184 0.3888888955116272 0.015625 0.05370370298624039
0 0.0481770820915699 0.19583334028720856 0.015104166232049465 0.04722222313284874
0 0.10364583134651184 0.19583334028720856 0.014583333395421505 0.05277777835726738
0 0.19583334028720856 0.32870370149612427 0.01354166679084301 0.04259259253740311
0 0.15000000596046448 0.32407405972480774 0.01354166679084301 0.046296294778585434
0 0.009114583022892475 0.9745370149612427 0.01822916604578495 0.037962961941957474
