0 0.3226562440395355 0.020370369777083397 0.01406249962747097 0.040740739554166794
0 0.34375 0.022685185074806213 0.014583333395421505 0.04537037014961243
0 0.3656249940395355 0.022685185074806213 0.015625 0.04537037014961243
0 0.5601562261581421 0.023148147389292717 0.01197916641831398 0.046296294778585434
0 0.5799478888511658 0.02222222276031971 0.013020833022892475 0.04444444552063942
0 0.602343738079071 0.02083333395421505 0.013020833022892475 0.0416666679084301
0 0.6265624761581421 0.021296296268701553 0.01354166679084301 0.04259259253740311
0 0.6497395634651184 0.02222222276031971 0.01406249962747097 0.04444444552063942
0 0.6747395992279053 0.021296296268701553 0.015104166232049465 0.04259259253740311
0 0.6981770992279053 0.02083333395421505 0.01406249962747097 0.0416666679084301
0 0.7979166507720947 0.017592592164874077 0.014583333395421505 0.035185184329748154
0 0.8471354246139526 0.01805555634200573 0.015104166232049465 0.03611111268401146
0 0.9197916388511658 0.017592592164874077 0.01875000074505806 0.035185184329748154
0 0.007552083116024733 0.14259259402751923 0.015104166232049465 0.051851850003004074
0 0.02708333358168602 0.14166666567325592 0.01666666753590107 0.05000000074505806
0 0.05234374850988388 0.14351852238178253 0.01614583283662796 0.05370370298624039
0 0.07421875 0.1388888955116272 0.01718750037252903 0.051851850003004074
0 0.1067708358168602 0.1041666641831398 0.02395833283662796 0.05092592537403107
0 0.11927083134651184 0.14074073731899261 0.015625 0.05000000074505806
0 0.14401040971279144 0.14537036418914795 0.01406249962747097 0.05000000074505806
0 0.16718749701976776 0.14537036418914795 0.01666666753590107 0.05370370298624039
0 0.1901041716337204 0.1449074000120163 0.01354166679084301 0.05092592537403107
0 0.23515625298023224 0.1476851850748062 0.01406249962747097 0.049074072390794754
0 0.25572916865348816 0.1467592567205429 0.012500000186264515 0.049074072390794754
0 0.2786458432674408 0.14305555820465088 0.01354166679084301 0.05648148059844971
0 0.30156248807907104 0.14537036418914795 0.01354166679084301 0.04814814776182175
0 0.32239583134651184 0.14259259402751923 0.014583333395421505 0.05925925821065903
0 0.3453125059604645 0.14722222089767456 0.01354166679084301 0.051851850003004074
0 0.36770832538604736 0.14861111342906952 0.01354166679084301 0.05462963134050369
0 0.41354167461395264 0.1449074000120163 0.012500000186264515 0.05092592537403107
0 0.4398437440395355 0.14120370149612427 0.013020833022892475 0.05833333358168602
0 0.0062500000931322575 0.20000000298023224 0.012500000186264515 0.05000000074505806
0 0.02395833283662796 0.19768518209457397 0.015625 0.043518517166376114
0 0.04218750074505806 0.20185184478759766 0.01666666753590107 0.04814814776182175
0 0.0598958320915699 0.19953703880310059 0.015625 0.049074072390794754
0 0.07838542014360428 0.2004629671573639 0.015104166232049465 0.05092592537403107
0 0.11796875298023224 0.20092593133449554 0.015104166232049465 0.05000000074505806
0 0.1354166716337204 0.20092593133449554 0.015625 0.05000000074505806
0 0.15598958730697632 0.20000000298023224 0.015104166232049465 0.051851850003004074
0 0.17552083730697632 0.20324073731899261 0.014583333395421505 0.05092592537403107
0 0.19505208730697632 0.20185184478759766 0.01406249962747097 0.04814814776182175
0 0.21380208432674408 0.20555555820465088 0.015104166232049465 0.051851850003004074
0 0.23255208134651184 0.20370370149612427 0.01614583283662796 0.05370370298624039
0 0.2523437440395355 0.20185184478759766 0.01406249962747097 0.04814814776182175
0 0.2721354067325592 0.20185184478759766 0.015104166232049465 0.04814814776182175
0 0.28984373807907104 0.20462962985038757 0.015104166232049465 0.05000000074505806
0 0.30651041865348816 0.2013888955116272 0.013020833022892475 0.04722222313284874
0 0.3265624940395355 0.20277777314186096 0.014583333395421505 0.05740740895271301
0 0.3851562440395355 0.20092593133449554 0.013020833022892475 0.04814814776182175
0 0.4026041626930237 0.20416666567325592 0.01354166679084301 0.049074072390794754
0 0.42135417461395264 0.2074074000120163 0.01354166679084301 0.05740740895271301
0 0.44062501192092896 0.20277777314186096 0.01354166679084301 0.0555555559694767
0 0.4585937559604645 0.19675925374031067 0.013020833022892475 0.05833333358168602
0 0.5567708611488342 0.19583334028720856 0.01145833358168602 0.05092592537403107
0 0.5763021111488342 0.19814814627170563 0.013020833022892475 0.05000000074505806
0 0.5942708253860474 0.19675925374031067 0.012500000186264515 0.05462963134050369
0 0.6151041388511658 0.20000000298023224 0.01354166679084301 0.05370370298624039
0 0.6346353888511658 0.19490741193294525 0.013020833022892475 0.05092592537403107
0 0.655468761920929 0.1953703761100769 0.01197916641831398 0.05000000074505806
0 0.6734374761581421 0.19305555522441864 0.012500000186264515 0.04537037014961243
0 0.6927083134651184 0.18379630148410797 0.01354166679084301 0.05277777835726738
0 0.7124999761581421 0.19490741193294525 0.014583333395421505 0.05462963134050369
0 0.7320312261581421 0.19814814627170563 0.01406249962747097 0.0555555559694767
0 0.7510416507720947 0.19212962687015533 0.01354166679084301 0.05277777835726738
0 0.7700520753860474 0.19398148357868195 0.01406249962747097 0.05277777835726738
0 0.7895833253860474 0.19212962687015533 0.014583333395421505 0.05833333358168602
0 0.8096354007720947 0.19166666269302368 0.01406249962747097 0.051851850003004074
0 0.8294270634651184 0.19305555522441864 0.015104166232049465 0.05277777835726738
0 0.8494791388511658 0.19398148357868195 0.014583333395421505 0.05092592537403107
0 0.8648437261581421 0.18981482088565826 0.01406249962747097 0.04259259253740311
0 0.8817708492279053 0.192592591047287 0.015625 0.05370370298624039
0 0.9479166865348816 0.17638888955116272 0.01770833320915699 0.05277777835726738
0 0.02369791641831398 0.3263888955116272 0.01614583283662796 0.04722222313284874
0 0.05234374850988388 0.3254629671573639 0.015104166232049465 0.05092592537403107
0 0.06848958134651184 0.32685184478759766 0.015104166232049465 0.051851850003004074
0 0.09843750298023224 0.32685184478759766 0.014583333395421505 0.05000000074505806
0 0.11406250298023224 0.32499998807907104 0.01354166679084301 0.046296294778585434
0 0.12916666269302368 0.32499998807907104 0.01354166679084301 0.04444444552063942
0 0.14557291567325592 0.3296296298503876 0.013020833022892475 0.04444444552063942
0 0.16067709028720856 0.3296296298503876 0.013020833022892475 0.04814814776182175
0 0.17578125 0.3305555582046509 0.01406249962747097 0.05000000074505806
0 0.19140625 0.33287036418914795 0.01197916641831398 0.0416666679084301
0 0.22031250596046448 0.3291666805744171 0.012500000186264515 0.049074072390794754
0 0.2356770783662796 0.3245370388031006 0.013020833022892475 0.04722222313284874
0 0.2510416805744171 0.3282407522201538 0.01354166679084301 0.04537037014961243
0 0.26614582538604736 0.3263888955116272 0.01354166679084301 0.04722222313284874
0 0.2815104126930237 0.3296296298503876 0.010937499813735485 0.03888889029622078
0 0.29635417461395264 0.32592591643333435 0.01354166679084301 0.04814814776182175
0 0.3122395873069763 0.32499998807907104 0.013020833022892475 0.04444444552063942
0 0.3270833194255829 0.3254629671573639 0.014583333395421505 0.05277777835726738
0 0.35729166865348816 0.3236111104488373 0.01354166679084301 0.05277777835726738
0 0.38749998807907104 0.32685184478759766 0.012500000186264515 0.04814814776182175
0 0.40182292461395264 0.3282407522201538 0.01197916641831398 0.04537037014961243
0 0.41718751192092896 0.3296296298503876 0.012500000186264515 0.051851850003004074
0 0.43151041865348816 0.3291666805744171 0.013020833022892475 0.05092592537403107
0 0.4479166567325592 0.32777777314186096 0.01354166679084301 0.05000000074505806
0 0.03802083432674408 0.380092591047287 0.015625 0.043518517166376114
0 0.05416666716337204 0.38055557012557983 0.014583333395421505 0.05000000074505806
0 0.06875000149011612 0.3828703761100769 0.014583333395421505 0.05092592537403107
0 0.08359374850988388 0.38425925374031067 0.01406249962747097 0.046296294778585434
0 0.09947916865348816 0.385185182094574 0.014583333395421505 0.04259259253740311
0 0.13046875596046448 0.38333332538604736 0.01614583283662796 0.05370370298624039
0 0.17682291567325592 0.3861111104488373 0.01406249962747097 0.051851850003004074
0 0.20677083730697632 0.38425925374031067 0.014583333395421505 0.0555555559694767
0 0.2213541716337204 0.3828703761100769 0.01145833358168602 0.04722222313284874
0 0.2356770783662796 0.3819444477558136 0.013020833022892475 0.04537037014961243
0 0.25078123807907104 0.3819444477558136 0.013020833022892475 0.04722222313284874
0 0.2658854126930237 0.385185182094574 0.01406249962747097 0.05000000074505806
0 0.28203123807907104 0.3828703761100769 0.013020833022892475 0.05277777835726738
0 0.29765623807907104 0.3787037134170532 0.01406249962747097 0.04814814776182175
0 0.3268229067325592 0.38055557012557983 0.013020833022892475 0.051851850003004074
0 0.34166666865348816 0.3819444477558136 0.01354166679084301 0.05092592537403107
0 0.35755208134651184 0.3837963044643402 0.013020833022892475 0.04722222313284874
0 0.3786458373069763 0.38055557012557983 0.02708333358168602 0.04814814776182175
0 0.38749998807907104 0.37962964177131653 0.014583333395421505 0.05000000074505806
0 0.4169270694255829 0.37962964177131653 0.01197916641831398 0.046296294778585434
0 0.4320312440395355 0.38425925374031067 0.01406249962747097 0.0555555559694767
0 0.44739583134651184 0.380092591047287 0.012500000186264515 0.049074072390794754
0 0.46432292461395264 0.37962964177131653 0.013020833022892475 0.051851850003004074
0 0.5562499761581421 0.3222222328186035 0.01354166679084301 0.051851850003004074
0 0.5854166746139526 0.3254629671573639 0.01354166679084301 0.05833333358168602
0 0.6158854365348816 0.32592591643333435 0.01197916641831398 0.04814814776182175
0 0.632031261920929 0.32685184478759766 0.010937499813735485 0.03333333507180214
0 0.6614583134651184 0.3273148238658905 0.012500000186264515 0.04722222313284874
0 0.6770833134651184 0.32499998807907104 0.012500000186264515 0.04814814776182175
0 0.6932291388511658 0.3245370388031006 0.01354166679084301 0.05462963134050369
0 0.7075520753860474 0.3231481611728668 0.013020833022892475 0.05000000074505806
0 0.723437488079071 0.32592591643333435 0.01354166679084301 0.051851850003004074
0 0.7541666626930237 0.3231481611728668 0.01354166679084301 0.051851850003004074
0 0.7697916626930237 0.3194444477558136 0.014583333395421505 0.05370370298624039
0 0.8013020753860474 0.3245370388031006 0.01406249962747097 0.05092592537403107
0 0.817187488079071 0.31712964177131653 0.01354166679084301 0.05833333358168602
0 0.8330729007720947 0.32175925374031067 0.015104166232049465 0.05462963134050369
0 0.8677083253860474 0.3203703761100769 0.015625 0.051851850003004074
0 0.5541666746139526 0.380092591047287 0.012500000186264515 0.049074072390794754
0 0.569531261920929 0.37962964177131653 0.01197916641831398 0.046296294778585434
0 0.5843750238418579 0.3791666626930237 0.01145833358168602 0.04537037014961243
0 0.5994791388511658 0.38333332538604736 0.01145833358168602 0.046296294778585434
0 0.6158854365348816 0.38240739703178406 0.01197916641831398 0.05370370298624039
0 0.6317708492279053 0.380092591047287 0.01145833358168602 0.05092592537403107
0 0.6598958373069763 0.38148146867752075 0.012500000186264515 0.05000000074505806
0 0.6919270753860474 0.3819444477558136 0.013020833022892475 0.05277777835726738
0 0.7067708373069763 0.37453705072402954 0.012500000186264515 0.043518517166376114
0 0.7242187261581421 0.37731480598449707 0.013020833022892475 0.04722222313284874
0 0.7388020753860474 0.3768518567085266 0.013020833022892475 0.04814814776182175
0 0.75390625 0.37546294927597046 0.01406249962747097 0.04537037014961243
0 0.7848958373069763 0.375 0.01354166679084301 0.05000000074505806
0 0.8169270753860474 0.3777777850627899 0.01406249962747097 0.05370370298624039
0 0.8325520753860474 0.3782407343387604 0.013020833022892475 0.049074072390794754
0 0.8479166626930237 0.380092591047287 0.014583333395421505 0.05648148059844971
0 0.8656250238418579 0.3787037134170532 0.015625 0.05740740895271301
0 0.6328125 0.4407407343387604 0.03020833246409893 0.02222222276031971
0 0.02057291753590107 0.5023148059844971 0.015104166232049465 0.049074072390794754
0 0.03802083432674408 0.5018518567085266 0.014583333395421505 0.046296294778585434
0 0.05312500149011612 0.5055555701255798 0.014583333395421505 0.04814814776182175
0 0.06927083432674408 0.5069444179534912 0.014583333395421505 0.043518517166376114
0 0.0859375 0.5032407641410828 0.015625 0.049074072390794754
0 0.11562500149011612 0.5060185194015503 0.015625 0.049074072390794754
0 0.13229165971279144 0.5050926208496094 0.014583333395421505 0.0416666679084301
0 0.16119791567325592 0.5050926208496094 0.015104166232049465 0.05277777835726738
0 0.18984374403953552 0.5060185194015503 0.01406249962747097 0.05462963134050369
0 0.20546874403953552 0.5064814686775208 0.015104166232049465 0.05370370298624039
0 0.25052082538604736 0.5074074268341064 0.01354166679084301 0.04814814776182175
0 0.26614582538604736 0.5064814686775208 0.01354166679084301 0.046296294778585434
0 0.2966145873069763 0.510185182094574 0.013020833022892475 0.046296294778585434
0 0.3114583194255829 0.5055555701255798 0.012500000186264515 0.04259259253740311
0 0.34192708134651184 0.5027777552604675 0.01406249962747097 0.05000000074505806
0 0.3565104305744171 0.5083333253860474 0.01197916641831398 0.04259259253740311
0 0.3723958432674408 0.5083333253860474 0.01354166679084301 0.05000000074505806
0 0.3880208432674408 0.5064814686775208 0.012500000186264515 0.040740739554166794
0 0.4026041626930237 0.5055555701255798 0.012500000186264515 0.04259259253740311
0 0.41718751192092896 0.5041666626930237 0.012500000186264515 0.043518517166376114
0 0.4320312440395355 0.5060185194015503 0.013020833022892475 0.049074072390794754
0 0.4479166567325592 0.5046296119689941 0.012500000186264515 0.046296294778585434
0 0.4645833373069763 0.5055555701255798 0.012500000186264515 0.04259259253740311
0 0.02109375037252903 0.5620370507240295 0.01718750037252903 0.05000000074505806
0 0.05520833283662796 0.5606481432914734 0.015625 0.04722222313284874
0 0.10234375298023224 0.5620370507240295 0.015104166232049465 0.05000000074505806
0 0.13098958134651184 0.5601851940155029 0.015104166232049465 0.05000000074505806
0 0.14609375596046448 0.5620370507240295 0.01406249962747097 0.04814814776182175
0 0.1614583283662796 0.5587962865829468 0.012500000186264515 0.04722222313284874
0 0.17682291567325592 0.5629629492759705 0.01406249962747097 0.04814814776182175
0 0.20729166269302368 0.5657407641410828 0.014583333395421505 0.05370370298624039
0 0.23619791865348816 0.5615741014480591 0.013020833022892475 0.04537037014961243
0 0.25078123807907104 0.5611110925674438 0.01406249962747097 0.04444444552063942
0 0.2669270932674408 0.5671296119689941 0.01406249962747097 0.04722222313284874
0 0.29739582538604736 0.5671296119689941 0.01354166679084301 0.049074072390794754
0 0.31197917461395264 0.5597222447395325 0.01354166679084301 0.049074072390794754
0 0.3424479067325592 0.5606481432914734 0.01406249962747097 0.05092592537403107
0 0.3580729067325592 0.5620370507240295 0.013020833022892475 0.05000000074505806
0 0.37291666865348816 0.5648148059844971 0.01354166679084301 0.05000000074505806
0 0.4007812440395355 0.5648148059844971 0.013020833022892475 0.046296294778585434
0 0.4325520694255829 0.5675926208496094 0.01406249962747097 0.051851850003004074
0 0.4479166567325592 0.5587962865829468 0.01354166679084301 0.049074072390794754
0 0.5544270873069763 0.5 0.01197916641831398 0.046296294778585434
0 0.5697916746139526 0.5027777552604675 0.012500000186264515 0.05370370298624039
0 0.5848958492279053 0.5041666626930237 0.010416666977107525 0.0416666679084301
0 0.6002604365348816 0.5018518567085266 0.01197916641831398 0.05000000074505806
0 0.6151041388511658 0.5004629492759705 0.012500000186264515 0.049074072390794754
0 0.6450520753860474 0.5060185194015503 0.013020833022892475 0.04537037014961243
0 0.6617187261581421 0.5060185194015503 0.01197916641831398 0.049074072390794754
0 0.6770833134651184 0.5032407641410828 0.012500000186264515 0.049074072390794754
0 0.6924479007720947 0.5023148059844971 0.01197916641831398 0.04722222313284874
0 0.7072916626930237 0.5064814686775208 0.01145833358168602 0.04444444552063942
0 0.7231770753860474 0.5037037134170532 0.013020833022892475 0.046296294778585434
0 0.7544270753860474 0.5037037134170532 0.01614583283662796 0.05370370298624039
0 0.7697916626930237 0.5013889074325562 0.012500000186264515 0.04722222313284874
0 0.7848958373069763 0.5027777552604675 0.012500000186264515 0.05370370298624039
0 0.8010416626930237 0.5041666626930237 0.012500000186264515 0.04722222313284874
0 0.8166666626930237 0.5055555701255798 0.012500000186264515 0.04814814776182175
0 0.8322916626930237 0.5060185194015503 0.01354166679084301 0.04537037014961243
0 0.8492187261581421 0.5055555701255798 0.013020833022892475 0.04814814776182175
0 0.8677083253860474 0.5055555701255798 0.014583333395421505 0.051851850003004074
0 0.8822916746139526 0.5069444179534912 0.014583333395421505 0.04722222313284874
0 0.5549479126930237 0.5574073791503906 0.013020833022892475 0.051851850003004074
0 0.5692708492279053 0.5578703880310059 0.01145833358168602 0.04722222313284874
0 0.5843750238418579 0.5560185313224792 0.01145833358168602 0.04722222313284874
0 0.5994791388511658 0.5592592358589172 0.010416666977107525 0.04444444552063942
0 0.6151041388511658 0.5629629492759705 0.012500000186264515 0.05000000074505806
0 0.6468750238418579 0.5625 0.01354166679084301 0.05092592537403107
0 0.6622396111488342 0.5601851940155029 0.01197916641831398 0.04814814776182175
0 0.676562488079071 0.5583333373069763 0.01354166679084301 0.051851850003004074
0 0.706250011920929 0.5629629492759705 0.014583333395421505 0.05000000074505806
0 0.7229166626930237 0.5611110925674438 0.01354166679084301 0.05370370298624039
0 0.7369791865348816 0.5574073791503906 0.012500000186264515 0.05000000074505806
0 0.7533854246139526 0.5606481432914734 0.013020833022892475 0.05092592537403107
0 0.76953125 0.5615741014480591 0.013020833022892475 0.05092592537403107
0 0.7854166626930237 0.5625 0.01354166679084301 0.05092592537403107
0 0.8013020753860474 0.5587962865829468 0.013020833022892475 0.04722222313284874
0 0.8169270753860474 0.5671296119689941 0.01406249962747097 0.05462963134050369
0 0.5239583253860474 0.6537036895751953 0.02291666716337204 0.024074073880910873
0 0.6072916388511658 0.6245370507240295 0.02708333358168602 0.02500000037252903
0 0.5953124761581421 0.6555555462837219 0.03020833246409893 0.024074073880910873
0 0.08515624701976776 0.7106481194496155 0.015104166232049465 0.04722222313284874
0 0.10052083432674408 0.7120370268821716 0.01666666753590107 0.04814814776182175
0 0.14479166269302368 0.7092592716217041 0.01354166679084301 0.04259259253740311
0 0.19244791567325592 0.7087963223457336 0.015104166232049465 0.05277777835726738
0 0.22213540971279144 0.7074074149131775 0.013020833022892475 0.05370370298624039
0 0.23619791865348816 0.7120370268821716 0.013020833022892475 0.046296294778585434
0 0.2513020932674408 0.7083333134651184 0.013020833022892475 0.05370370298624039
0 0.26640623807907104 0.7106481194496155 0.01406249962747097 0.05277777835726738
0 0.2815104126930237 0.7111111283302307 0.01406249962747097 0.051851850003004074
0 0.31328123807907104 0.7074074149131775 0.01406249962747097 0.05370370298624039
0 0.3411458432674408 0.7064814567565918 0.01354166679084301 0.051851850003004074
0 0.3570312559604645 0.7115740776062012 0.015104166232049465 0.05462963134050369
0 0.3726562559604645 0.7092592716217041 0.013020833022892475 0.04814814776182175
0 0.4020833373069763 0.7106481194496155 0.012500000186264515 0.04537037014961243
0 0.4169270694255829 0.7120370268821716 0.01197916641831398 0.04444444552063942
0 0.43177083134651184 0.7074074149131775 0.01354166679084301 0.051851850003004074
0 0.44713541865348816 0.7064814567565918 0.013020833022892475 0.04814814776182175
0 0.13098958134651184 0.7518518567085266 0.013020833022892475 0.04259259253740311
0 0.16093750298023224 0.7638888955116272 0.01354166679084301 0.04814814776182175
0 0.17630209028720856 0.7662037014961243 0.015104166232049465 0.05277777835726738
0 0.26640623807907104 0.7611111402511597 0.013020833022892475 0.04814814776182175
0 0.2981770932674408 0.7652778029441833 0.015104166232049465 0.05277777835726738
0 0.3127604126930237 0.7643518447875977 0.01406249962747097 0.04722222313284874
0 0.37291666865348816 0.7671296000480652 0.014583333395421505 0.05092592537403107
0 0.40234375 0.7634259462356567 0.013020833022892475 0.05462963134050369
0 0.4322916567325592 0.7638888955116272 0.014583333395421505 0.05000000074505806
0 0.5552083253860474 0.7111111283302307 0.012500000186264515 0.04814814776182175
0 0.5703125 0.7097222208976746 0.012500000186264515 0.05092592537403107
0 0.5854166746139526 0.7148148417472839 0.012500000186264515 0.04814814776182175
0 0.600781261920929 0.7148148417472839 0.01197916641831398 0.04259259253740311
0 0.6156250238418579 0.7106481194496155 0.012500000186264515 0.04722222313284874
0 0.6315104365348816 0.7106481194496155 0.013020833022892475 0.049074072390794754
0 0.6450520753860474 0.7120370268821716 0.01197916641831398 0.040740739554166794
0 0.6619791388511658 0.7143518328666687 0.012500000186264515 0.04537037014961243
0 0.6776041388511658 0.7129629850387573 0.012500000186264515 0.046296294778585434
0 0.6929687261581421 0.7111111283302307 0.01406249962747097 0.05000000074505806
0 0.72265625 0.7199074029922485 0.01406249962747097 0.05277777835726738
0 0.7398437261581421 0.7138888835906982 0.013020833022892475 0.04444444552063942
0 0.7549479007720947 0.7138888835906982 0.013020833022892475 0.04444444552063942
0 0.8013020753860474 0.7106481194496155 0.015104166232049465 0.05277777835726738
0 0.8174479007720947 0.7124999761581421 0.015104166232049465 0.05277777835726738
0 0.5708333253860474 0.7638888955116272 0.01354166679084301 0.051851850003004074
0 0.6002604365348816 0.7652778029441833 0.013020833022892475 0.05092592537403107
0 0.6325520873069763 0.7662037014961243 0.01197916641831398 0.05648148059844971
0 0.6611979007720947 0.772685170173645 0.013020833022892475 0.05092592537403107
0 0.7541666626930237 0.7680555582046509 0.01354166679084301 0.05092592537403107
0 0.785937488079071 0.770370364189148 0.014583333395421505 0.05740740895271301
0 0.8802083134651184 0.7777777910232544 0.012500000186264515 0.046296294778585434
0 0.9114583134651184 0.7759259343147278 0.015625 0.05370370298624039
0 0.11536458134651184 0.8898147940635681 0.015104166232049465 0.0555555559694767
0 0.16119791567325592 0.8879629373550415 0.015104166232049465 0.051851850003004074
0 0.22317709028720856 0.8907407522201538 0.01406249962747097 0.04814814776182175
0 0.26744791865348816 0.8912037014961243 0.01406249962747097 0.05462963134050369
0 0.2971354126930237 0.8958333134651184 0.013020833022892475 0.04537037014961243
0 0.31171876192092896 0.8930555582046509 0.01406249962747097 0.05462963134050369
0 0.3270833194255829 0.8921296000480652 0.014583333395421505 0.05462963134050369
0 0.37109375 0.8865740895271301 0.013020833022892475 0.04722222313284874
0 0.4635416567325592 0.8907407522201538 0.01354166679084301 0.046296294778585434
0 0.0833333358168602 0.9458333253860474 0.015625 0.05092592537403107
0 0.2828125059604645 0.9458333253860474 0.01354166679084301 0.05092592537403107
0 0.38671875 0.9435185194015503 0.013020833022892475 0.05000000074505806
0 0.40156251192092896 0.9444444179534912 0.01354166679084301 0.051851850003004074
0 0.4320312440395355 0.9439814686775208 0.01406249962747097 0.049074072390794754
0 0.585156261920929 0.8884259462356567 0.01406249962747097 0.05277777835726738
0 0.6013020873069763 0.8907407522201538 0.013020833022892475 0.0555555559694767
0 0.6302083134651184 0.8898147940635681 0.01354166679084301 0.05370370298624039
0 0.69140625 0.8930555582046509 0.013020833022892475 0.04722222313284874
0 0.7239583134651184 0.895370364189148 0.01354166679084301 0.05370370298624039
0 0.770312488079071 0.8972222208976746 0.014583333395421505 0.051851850003004074
0 0.5557291507720947 0.9361110925674438 0.015625 0.07592592388391495
0 0.6473958492279053 0.9467592835426331 0.01354166679084301 0.05462963134050369
0 0.6763020753860474 0.9481481313705444 0.01406249962747097 0.05000000074505806
0 0.7080729007720947 0.9490740895271301 0.013020833022892475 0.051851850003004074
0 0.7549479007720947 0.9523147940635681 0.015104166232049465 0.05462963134050369
0 0.7888020873069763 0.9490740895271301 0.013020833022892475 0.046296294778585434
0 0.8187500238418579 0.9606481194496155 0.01354166679084301 0.049074072390794754
0 0.9471353888511658 0.9009259343147278 0.01614583283662796 0.0555555559694767
0 0.9794270992279053 0.9023148417472839 0.01718750037252903 0.05462963134050369
0 0.04765624925494194 0.021296296268701553 0.015104166232049465 0.04259259253740311
0 0.983593761920929 0.37962964177131653 0.015104166232049465 0.051851850003004074
0 0.9789062738418579 0.5013889074325562 0.01718750037252903 0.05092592537403107
0 0.09791667014360428 0.2023148089647293 0.014583333395421505 0.05277777835726738
0 0.0072916666977107525 0.3245370388031006 0.014583333395421505 0.04537037014961243
0 0.008333333767950535 0.9819444417953491 0.01666666753590107 0.034259259700775146
