0 0.05052083358168602 0.022685185074806213 0.015625 0.04537037014961243
0 0.3244791626930237 0.021296296268701553 0.01354166679084301 0.04259259253740311
0 0.3460937440395355 0.02361111156642437 0.01406249962747097 0.04722222313284874
0 0.36640626192092896 0.02361111156642437 0.015104166232049465 0.04722222313284874
0 0.5611979365348816 0.024074073880910873 0.01197916641831398 0.04814814776182175
0 0.5809895992279053 0.023148147389292717 0.013020833022892475 0.046296294778585434
0 0.6033853888511658 0.021296296268701553 0.013020833022892475 0.04259259253740311
0 0.6273437738418579 0.02222222276031971 0.013020833022892475 0.04444444552063942
0 0.6505208611488342 0.022685185074806213 0.01354166679084301 0.04537037014961243
0 0.6755208373069763 0.021759258583188057 0.014583333395421505 0.043518517166376114
0 0.6989583373069763 0.021759258583188057 0.01354166679084301 0.043518517166376114
0 0.7252604365348816 0.018981480970978737 0.01614583283662796 0.037962961941957474
0 0.7984374761581421 0.01805555634200573 0.014583333395421505 0.03611111268401146
0 0.84765625 0.018518518656492233 0.015104166232049465 0.03703703731298447
0 0.9195312261581421 0.017592592164874077 0.01927083358168602 0.035185184329748154
0 0.1354166716337204 0.08611111342906952 0.03020833246409893 0.03333333507180214
0 0.008854166604578495 0.1467592567205429 0.01770833320915699 0.05462963134050369
0 0.02942708320915699 0.1449074000120163 0.01614583283662796 0.05092592537403107
0 0.05494791641831398 0.14722222089767456 0.01614583283662796 0.05370370298624039
0 0.0768229141831398 0.14074073731899261 0.01614583283662796 0.05000000074505806
0 0.12187500298023224 0.14537036418914795 0.01666666753590107 0.051851850003004074
0 0.1458333283662796 0.14814814925193787 0.014583333395421505 0.051851850003004074
0 0.1692708283662796 0.14814814925193787 0.01770833320915699 0.051851850003004074
0 0.19192709028720856 0.1467592567205429 0.01406249962747097 0.05092592537403107
0 0.23723958432674408 0.15000000596046448 0.01406249962747097 0.04814814776182175
0 0.2580729126930237 0.14953704178333282 0.01406249962747097 0.049074072390794754
0 0.2802083194255829 0.1449074000120163 0.01354166679084301 0.05648148059844971
0 0.3036458194255829 0.1476851850748062 0.01354166679084301 0.049074072390794754
0 0.32421875 0.14444445073604584 0.015104166232049465 0.05925925821065903
0 0.34687501192092896 0.14907407760620117 0.01354166679084301 0.051851850003004074
0 0.3697916567325592 0.15000000596046448 0.014583333395421505 0.05370370298624039
0 0.4151041805744171 0.14722222089767456 0.012500000186264515 0.051851850003004074
0 0.44062501192092896 0.14259259402751923 0.01354166679084301 0.05925925821065903
0 0.0078125 0.20324073731899261 0.015625 0.049074072390794754
0 0.0455729179084301 0.20601852238178253 0.01614583283662796 0.04722222313284874
0 0.0807291641831398 0.20324073731899261 0.014583333395421505 0.05277777835726738
0 0.12031249701976776 0.20324073731899261 0.015625 0.05092592537403107
0 0.13776041567325592 0.20416666567325592 0.015104166232049465 0.05092592537403107
0 0.15833333134651184 0.20277777314186096 0.015625 0.051851850003004074
0 0.17760416865348816 0.20509259402751923 0.014583333395421505 0.049074072390794754
0 0.19713541865348816 0.20462962985038757 0.015104166232049465 0.04814814776182175
0 0.21588541567325592 0.20879629254341125 0.01406249962747097 0.05092592537403107
0 0.23411458730697632 0.20509259402751923 0.015104166232049465 0.05277777835726738
0 0.25390625 0.20462962985038757 0.01406249962747097 0.05000000074505806
0 0.27395832538604736 0.20416666567325592 0.014583333395421505 0.049074072390794754
0 0.2914062440395355 0.2074074000120163 0.015104166232049465 0.05000000074505806
0 0.3083333373069763 0.20370370149612427 0.01354166679084301 0.04814814776182175
0 0.328125 0.20462962985038757 0.01354166679084301 0.0555555559694767
0 0.3864583373069763 0.20324073731899261 0.012500000186264515 0.04722222313284874
0 0.4036458432674408 0.20601852238178253 0.01354166679084301 0.049074072390794754
0 0.42239582538604736 0.2092592567205429 0.01354166679084301 0.05740740895271301
0 0.44140625 0.20462962985038757 0.013020833022892475 0.0555555559694767
0 0.4593749940395355 0.19814814627170563 0.01354166679084301 0.05740740895271301
0 0.5583333373069763 0.19675925374031067 0.012500000186264515 0.049074072390794754
0 0.577343761920929 0.20000000298023224 0.013020833022892475 0.05000000074505806
0 0.5953124761581421 0.19861111044883728 0.012500000186264515 0.05462963134050369
0 0.6158854365348816 0.20185184478759766 0.01406249962747097 0.05370370298624039
0 0.6354166865348816 0.19583334028720856 0.01354166679084301 0.049074072390794754
0 0.6565104126930237 0.19629628956317902 0.01197916641831398 0.05000000074505806
0 0.6742187738418579 0.1935185194015503 0.01197916641831398 0.04444444552063942
0 0.6934896111488342 0.18425926566123962 0.013020833022892475 0.051851850003004074
0 0.7132812738418579 0.19629628956317902 0.01406249962747097 0.05370370298624039
0 0.7325521111488342 0.19907407462596893 0.01406249962747097 0.0555555559694767
0 0.7520833611488342 0.192592591047287 0.01354166679084301 0.05370370298624039
0 0.7705729007720947 0.1944444477558136 0.01406249962747097 0.05370370298624039
0 0.7903645634651184 0.192592591047287 0.01406249962747097 0.05740740895271301
0 0.8104166388511658 0.192592591047287 0.01354166679084301 0.051851850003004074
0 0.8302083611488342 0.1944444477558136 0.015625 0.051851850003004074
0 0.8505208492279053 0.1944444477558136 0.014583333395421505 0.05000000074505806
0 0.8658854365348816 0.18981482088565826 0.01406249962747097 0.04259259253740311
0 0.8822916746139526 0.19305555522441864 0.015625 0.05277777835726738
0 0.00989583320915699 0.3263888955116272 0.015625 0.04722222313284874
0 0.02682291716337204 0.3291666805744171 0.01614583283662796 0.04537037014961243
0 0.05494791641831398 0.32777777314186096 0.01406249962747097 0.05000000074505806
0 0.0716145858168602 0.3291666805744171 0.01614583283662796 0.05092592537403107
0 0.10078124701976776 0.3291666805744171 0.01406249962747097 0.049074072390794754
0 0.11692707985639572 0.32777777314186096 0.01406249962747097 0.046296294778585434
0 0.13177083432674408 0.3273148238658905 0.01354166679084301 0.043518517166376114
0 0.1627604216337204 0.33194443583488464 0.013020833022892475 0.04722222313284874
0 0.17812499403953552 0.33287036418914795 0.01354166679084301 0.049074072390794754
0 0.19322916865348816 0.33564814925193787 0.012500000186264515 0.0416666679084301
0 0.22265625 0.3333333432674408 0.013020833022892475 0.046296294778585434
0 0.23828125 0.3282407522201538 0.013020833022892475 0.04722222313284874
0 0.25312501192092896 0.33101850748062134 0.01354166679084301 0.04537037014961243
0 0.26770833134651184 0.3291666805744171 0.012500000186264515 0.04722222313284874
0 0.28307291865348816 0.3324074149131775 0.01197916641831398 0.040740739554166794
0 0.2979166805744171 0.3282407522201538 0.01354166679084301 0.049074072390794754
0 0.3138020932674408 0.32777777314186096 0.013020833022892475 0.046296294778585434
0 0.32864582538604736 0.32685184478759766 0.01354166679084301 0.05000000074505806
0 0.3591145873069763 0.32592591643333435 0.01406249962747097 0.05370370298624039
0 0.3893229067325592 0.3291666805744171 0.013020833022892475 0.049074072390794754
0 0.4033854305744171 0.3296296298503876 0.01197916641831398 0.046296294778585434
0 0.41874998807907104 0.3324074149131775 0.012500000186264515 0.05370370298624039
0 0.43281251192092896 0.33101850748062134 0.012500000186264515 0.05277777835726738
0 0.4494791626930237 0.3305555582046509 0.01354166679084301 0.05000000074505806
0 0.04088541492819786 0.3828703761100769 0.015104166232049465 0.043518517166376114
0 0.05677083507180214 0.38333332538604736 0.014583333395421505 0.05000000074505806
0 0.0716145858168602 0.3861111104488373 0.01406249962747097 0.051851850003004074
0 0.08645833283662796 0.3870370388031006 0.014583333395421505 0.04444444552063942
0 0.10312499850988388 0.3879629671573639 0.015625 0.04259259253740311
0 0.13359375298023224 0.3856481611728668 0.01718750037252903 0.05462963134050369
0 0.17890624701976776 0.3888888955116272 0.01406249962747097 0.05000000074505806
0 0.20911458134651184 0.3870370388031006 0.01406249962747097 0.05370370298624039
0 0.22343750298023224 0.385185182094574 0.012500000186264515 0.04814814776182175
0 0.23828125 0.38425925374031067 0.01406249962747097 0.046296294778585434
0 0.25338542461395264 0.38333332538604736 0.013020833022892475 0.04814814776182175
0 0.2679687440395355 0.38749998807907104 0.01406249962747097 0.049074072390794754
0 0.28437501192092896 0.385185182094574 0.01354166679084301 0.05370370298624039
0 0.2994791567325592 0.38055557012557983 0.01354166679084301 0.04814814776182175
0 0.32864582538604736 0.38240739703178406 0.01354166679084301 0.051851850003004074
0 0.3434895873069763 0.3837963044643402 0.01406249962747097 0.05092592537403107
0 0.3591145873069763 0.385185182094574 0.013020833022892475 0.04814814776182175
0 0.3734374940395355 0.3819444477558136 0.01354166679084301 0.049074072390794754
0 0.3895833194255829 0.38148146867752075 0.014583333395421505 0.05000000074505806
0 0.4190104305744171 0.38240739703178406 0.010937499813735485 0.046296294778585434
0 0.4338541626930237 0.3861111104488373 0.01354166679084301 0.05370370298624039
0 0.44921875 0.3819444477558136 0.013020833022892475 0.049074072390794754
0 0.46562498807907104 0.3819444477558136 0.01354166679084301 0.05277777835726738
0 0.5572916865348816 0.3236111104488373 0.01354166679084301 0.05277777835726738
0 0.5869791507720947 0.3263888955116272 0.01354166679084301 0.05833333358168602
0 0.6171875 0.3282407522201538 0.012500000186264515 0.04722222313284874
0 0.6330729126930237 0.32870370149612427 0.010937499813735485 0.03333333507180214
0 0.6622396111488342 0.32870370149612427 0.013020833022892475 0.046296294778585434
0 0.6778646111488342 0.3263888955116272 0.013020833022892475 0.049074072390794754
0 0.6942708492279053 0.3254629671573639 0.012500000186264515 0.05462963134050369
0 0.7085937261581421 0.32407405972480774 0.013020833022892475 0.04814814776182175
0 0.7242187261581421 0.32685184478759766 0.01406249962747097 0.051851850003004074
0 0.7552083134651184 0.3236111104488373 0.01354166679084301 0.049074072390794754
0 0.7700520753860474 0.32083332538604736 0.015104166232049465 0.05277777835726738
0 0.8020833134651184 0.32499998807907104 0.014583333395421505 0.051851850003004074
0 0.8182291388511658 0.317592591047287 0.01354166679084301 0.05740740895271301
0 0.8341146111488342 0.32175925374031067 0.01406249962747097 0.05462963134050369
0 0.8687499761581421 0.3203703761100769 0.014583333395421505 0.051851850003004074
0 0.555468738079071 0.3810185194015503 0.013020833022892475 0.049074072390794754
0 0.5705729126930237 0.38055557012557983 0.01197916641831398 0.046296294778585434
0 0.5854166746139526 0.380092591047287 0.012500000186264515 0.04537037014961243
0 0.600781261920929 0.38425925374031067 0.010937499813735485 0.046296294778585434
0 0.6171875 0.38333332538604736 0.012500000186264515 0.051851850003004074
0 0.6328125 0.38148146867752075 0.01145833358168602 0.05000000074505806
0 0.6606770753860474 0.3828703761100769 0.013020833022892475 0.049074072390794754
0 0.6929687261581421 0.38240739703178406 0.013020833022892475 0.051851850003004074
0 0.707812488079071 0.37546294927597046 0.012500000186264515 0.043518517166376114
0 0.7252604365348816 0.3787037134170532 0.013020833022892475 0.046296294778585434
0 0.7395833134651184 0.3777777850627899 0.01354166679084301 0.04814814776182175
0 0.7552083134651184 0.37638887763023376 0.01354166679084301 0.04537037014961243
0 0.7854166626930237 0.37546294927597046 0.014583333395421505 0.05092592537403107
0 0.8179687261581421 0.3777777850627899 0.01406249962747097 0.05370370298624039
0 0.8335937261581421 0.380092591047287 0.013020833022892475 0.04537037014961243
0 0.8486979007720947 0.38055557012557983 0.015104166232049465 0.0555555559694767
0 0.8666666746139526 0.3787037134170532 0.015625 0.05740740895271301
0 0.9322916865348816 0.3513889014720917 0.01770833320915699 0.05462963134050369
0 0.984375 0.3791666626930237 0.015625 0.05092592537403107
0 0.02369791641831398 0.5050926208496094 0.015104166232049465 0.04722222313284874
0 0.04062499850988388 0.5041666626930237 0.01354166679084301 0.04537037014961243
0 0.05572916567325592 0.5078703761100769 0.014583333395421505 0.049074072390794754
0 0.07239583134651184 0.5087962746620178 0.014583333395421505 0.04537037014961243
0 0.0885416641831398 0.5055555701255798 0.015625 0.04814814776182175
0 0.11796875298023224 0.5074074268341064 0.01406249962747097 0.04814814776182175
0 0.13515624403953552 0.5060185194015503 0.015104166232049465 0.03981481492519379
0 0.1653645783662796 0.5069444179534912 0.01614583283662796 0.05092592537403107
0 0.19140625 0.5083333253860474 0.013020833022892475 0.05370370298624039
0 0.20755209028720856 0.5078703761100769 0.015104166232049465 0.05462963134050369
0 0.2523437440395355 0.5097222328186035 0.01406249962747097 0.049074072390794754
0 0.26875001192092896 0.5083333253860474 0.01354166679084301 0.046296294778585434
0 0.29869791865348816 0.5120370388031006 0.013020833022892475 0.046296294778585434
0 0.3135416805744171 0.5083333253860474 0.012500000186264515 0.04444444552063942
0 0.3440104126930237 0.5055555701255798 0.01406249962747097 0.051851850003004074
0 0.35885417461395264 0.5111111402511597 0.012500000186264515 0.040740739554166794
0 0.37447917461395264 0.5087962746620178 0.01354166679084301 0.049074072390794754
0 0.38984376192092896 0.5078703761100769 0.013020833022892475 0.03981481492519379
0 0.40416666865348816 0.5078703761100769 0.012500000186264515 0.043518517166376114
0 0.41874998807907104 0.5055555701255798 0.012500000186264515 0.04444444552063942
0 0.43359375 0.5074074268341064 0.013020833022892475 0.05000000074505806
0 0.4494791626930237 0.5064814686775208 0.01354166679084301 0.04814814776182175
0 0.4661458432674408 0.5078703761100769 0.01354166679084301 0.04537037014961243
0 0.02421874925494194 0.5638889074325562 0.01822916604578495 0.04814814776182175
0 0.05807291716337204 0.5629629492759705 0.015104166232049465 0.046296294778585434
0 0.10442708432674408 0.5643518567085266 0.01614583283662796 0.05092592537403107
0 0.13385416567325592 0.5625 0.015625 0.05092592537403107
0 0.14921875298023224 0.5638889074325562 0.01406249962747097 0.04814814776182175
0 0.16432291269302368 0.5597222447395325 0.013020833022892475 0.04722222313284874
0 0.1796875 0.5648148059844971 0.015625 0.04814814776182175
0 0.2096354216337204 0.5671296119689941 0.01406249962747097 0.05277777835726738
0 0.23854166269302368 0.5634258985519409 0.012500000186264515 0.04722222313284874
0 0.25312501192092896 0.5629629492759705 0.014583333395421505 0.04814814776182175
0 0.2692708373069763 0.5694444179534912 0.01354166679084301 0.04814814776182175
0 0.2992187440395355 0.5685185194015503 0.01406249962747097 0.04814814776182175
0 0.3135416805744171 0.5620370507240295 0.012500000186264515 0.04814814776182175
0 0.34453123807907104 0.5615741014480591 0.01406249962747097 0.05092592537403107
0 0.3596354126930237 0.5634258985519409 0.013020833022892475 0.049074072390794754
0 0.375 0.5657407641410828 0.014583333395421505 0.05000000074505806
0 0.4026041626930237 0.5662037134170532 0.01354166679084301 0.04722222313284874
0 0.43437498807907104 0.5680555701255798 0.01354166679084301 0.05092592537403107
0 0.4494791626930237 0.5597222447395325 0.012500000186264515 0.049074072390794754
0 0.555468738079071 0.5 0.01197916641831398 0.046296294778585434
0 0.5708333253860474 0.5041666626930237 0.012500000186264515 0.05277777835726738
0 0.5864583253860474 0.5046296119689941 0.01145833358168602 0.040740739554166794
0 0.6013020873069763 0.5027777552604675 0.013020833022892475 0.05000000074505806
0 0.6166666746139526 0.5009258985519409 0.012500000186264515 0.04814814776182175
0 0.6463541388511658 0.5060185194015503 0.012500000186264515 0.043518517166376114
0 0.6627604365348816 0.5064814686775208 0.01197916641831398 0.04814814776182175
0 0.6781250238418579 0.5046296119689941 0.012500000186264515 0.04814814776182175
0 0.6934896111488342 0.5037037134170532 0.01197916641831398 0.04444444552063942
0 0.7085937261581421 0.5064814686775208 0.01197916641831398 0.04444444552063942
0 0.7242187261581421 0.5037037134170532 0.013020833022892475 0.046296294778585434
0 0.7554687261581421 0.5046296119689941 0.01614583283662796 0.0555555559694767
0 0.7705729007720947 0.5018518567085266 0.01197916641831398 0.04444444552063942
0 0.7854166626930237 0.5032407641410828 0.01354166679084301 0.05277777835726738
0 0.8018229007720947 0.5046296119689941 0.013020833022892475 0.046296294778585434
0 0.8177083134651184 0.5064814686775208 0.012500000186264515 0.04814814776182175
0 0.832812488079071 0.5060185194015503 0.01354166679084301 0.04537037014961243
0 0.8500000238418579 0.5055555701255798 0.012500000186264515 0.04814814776182175
0 0.8684895634651184 0.5050926208496094 0.015104166232049465 0.05277777835726738
0 0.8833333253860474 0.5064814686775208 0.014583333395421505 0.046296294778585434
0 0.5565103888511658 0.5578703880310059 0.013020833022892475 0.05092592537403107
0 0.5708333253860474 0.5587962865829468 0.01145833358168602 0.04722222313284874
0 0.585156261920929 0.5564814805984497 0.01197916641831398 0.04814814776182175
0 0.6005208492279053 0.5597222447395325 0.01145833358168602 0.04537037014961243
0 0.6158854365348816 0.5634258985519409 0.013020833022892475 0.049074072390794754
0 0.6479166746139526 0.5634258985519409 0.01354166679084301 0.05092592537403107
0 0.6630208492279053 0.5606481432914734 0.01145833358168602 0.04722222313284874
0 0.6778646111488342 0.5587962865829468 0.013020833022892475 0.05092592537403107
0 0.7072916626930237 0.5638889074325562 0.01354166679084301 0.04814814776182175
0 0.7242187261581421 0.5620370507240295 0.01406249962747097 0.05370370298624039
0 0.7380208373069763 0.5574073791503906 0.012500000186264515 0.05000000074505806
0 0.7544270753860474 0.5615741014480591 0.013020833022892475 0.05092592537403107
0 0.7705729007720947 0.5615741014480591 0.013020833022892475 0.049074072390794754
0 0.7867187261581421 0.5625 0.013020833022892475 0.05092592537403107
0 0.8023437261581421 0.5592592358589172 0.013020833022892475 0.04814814776182175
0 0.8174479007720947 0.5671296119689941 0.015104166232049465 0.05462963134050369
0 0.6466146111488342 0.6138888597488403 0.0234375 0.03888889029622078
0 0.8143228888511658 0.6189814805984497 0.02760416641831398 0.021296296268701553
0 0.5361979007720947 0.6467592716217041 0.02968749962747097 0.028703704476356506
0 0.850781261920929 0.6587963104248047 0.02656250074505806 0.023148147389292717
0 0.08802083134651184 0.7124999761581421 0.014583333395421505 0.04722222313284874
0 0.10312499850988388 0.7138888835906982 0.01666666753590107 0.04814814776182175
0 0.14739583432674408 0.7111111283302307 0.014583333395421505 0.04444444552063942
0 0.19505208730697632 0.7092592716217041 0.015104166232049465 0.051851850003004074
0 0.22421875596046448 0.7092592716217041 0.013020833022892475 0.05370370298624039
0 0.23880209028720856 0.7124999761581421 0.01406249962747097 0.04537037014961243
0 0.25390625 0.7092592716217041 0.013020833022892475 0.05370370298624039
0 0.26901042461395264 0.7115740776062012 0.01406249962747097 0.05277777835726738
0 0.2841145694255829 0.7120370268821716 0.01406249962747097 0.051851850003004074
0 0.3148437440395355 0.7087963223457336 0.01406249962747097 0.05277777835726738
0 0.3434895873069763 0.7074074149131775 0.01406249962747097 0.05370370298624039
0 0.3591145873069763 0.7124999761581421 0.01406249962747097 0.05462963134050369
0 0.3747395873069763 0.710185170173645 0.013020833022892475 0.04814814776182175
0 0.4036458432674408 0.7120370268821716 0.012500000186264515 0.04444444552063942
0 0.41874998807907104 0.7120370268821716 0.012500000186264515 0.04444444552063942
0 0.43359375 0.707870364189148 0.01406249962747097 0.05092592537403107
0 0.4489583373069763 0.706944465637207 0.01354166679084301 0.049074072390794754
0 0.13359375298023224 0.7537037134170532 0.013020833022892475 0.04444444552063942
0 0.16380208730697632 0.7652778029441833 0.015104166232049465 0.049074072390794754
0 0.17890624701976776 0.7671296000480652 0.015104166232049465 0.05277777835726738
0 0.26875001192092896 0.7615740895271301 0.01354166679084301 0.049074072390794754
0 0.30000001192092896 0.7657407522201538 0.014583333395421505 0.051851850003004074
0 0.3148437440395355 0.7657407522201538 0.01406249962747097 0.05000000074505806
0 0.3752604126930237 0.7675926089286804 0.01406249962747097 0.05000000074505806
0 0.4039062559604645 0.7652778029441833 0.013020833022892475 0.05462963134050369
0 0.43411457538604736 0.7652778029441833 0.01406249962747097 0.049074072390794754
0 0.5565103888511658 0.7115740776062012 0.013020833022892475 0.049074072390794754
0 0.5716145634651184 0.7097222208976746 0.013020833022892475 0.05092592537403107
0 0.5869791507720947 0.7157407402992249 0.012500000186264515 0.04814814776182175
0 0.6020833253860474 0.7148148417472839 0.01145833358168602 0.04259259253740311
0 0.6171875 0.7106481194496155 0.012500000186264515 0.049074072390794754
0 0.6325520873069763 0.710185170173645 0.013020833022892475 0.04814814776182175
0 0.6463541388511658 0.7124999761581421 0.012500000186264515 0.0416666679084301
0 0.663281261920929 0.7143518328666687 0.013020833022892475 0.04537037014961243
0 0.678906261920929 0.7134259343147278 0.013020833022892475 0.04537037014961243
0 0.694531261920929 0.7115740776062012 0.01406249962747097 0.05092592537403107
0 0.7239583134651184 0.7199074029922485 0.01354166679084301 0.05277777835726738
0 0.7403646111488342 0.7138888835906982 0.013020833022892475 0.04444444552063942
0 0.7565104365348816 0.7134259343147278 0.013020833022892475 0.04537037014961243
0 0.8028646111488342 0.710185170173645 0.01406249962747097 0.051851850003004074
0 0.8187500238418579 0.7124999761581421 0.014583333395421505 0.05462963134050369
0 0.5723958611488342 0.7638888955116272 0.01354166679084301 0.05000000074505806
0 0.6015625 0.7662037014961243 0.01354166679084301 0.05092592537403107
0 0.6341145634651184 0.7662037014961243 0.01197916641831398 0.05462963134050369
0 0.6625000238418579 0.7736111283302307 0.012500000186264515 0.05092592537403107
0 0.7554687261581421 0.7685185074806213 0.01406249962747097 0.051851850003004074
0 0.7875000238418579 0.7708333134651184 0.01354166679084301 0.05648148059844971
0 0.8812500238418579 0.7777777910232544 0.01354166679084301 0.046296294778585434
0 0.9127604365348816 0.7759259343147278 0.01614583283662796 0.051851850003004074
0 0.11874999850988388 0.8916666507720947 0.015625 0.0555555559694767
0 0.16432291269302368 0.8898147940635681 0.015104166232049465 0.051851850003004074
0 0.22552083432674408 0.8921296000480652 0.01354166679084301 0.049074072390794754
0 0.2697916626930237 0.8921296000480652 0.014583333395421505 0.05462963134050369
0 0.2994791567325592 0.8967592716217041 0.01354166679084301 0.04537037014961243
0 0.3138020932674408 0.8930555582046509 0.013020833022892475 0.05462963134050369
0 0.3294270932674408 0.8930555582046509 0.01406249962747097 0.05462963134050369
0 0.3734374940395355 0.8870370388031006 0.01354166679084301 0.04814814776182175
0 0.46562498807907104 0.8916666507720947 0.01354166679084301 0.046296294778585434
0 0.08697916567325592 0.9467592835426331 0.015625 0.05092592537403107
0 0.2854166626930237 0.9462962746620178 0.014583333395421505 0.051851850003004074
0 0.3882812559604645 0.9439814686775208 0.013020833022892475 0.049074072390794754
0 0.4036458432674408 0.9449074268341064 0.014583333395421505 0.05277777835726738
0 0.4338541626930237 0.9444444179534912 0.01354166679084301 0.04814814776182175
0 0.586718738079071 0.8888888955116272 0.01406249962747097 0.051851850003004074
0 0.6033853888511658 0.8907407522201538 0.013020833022892475 0.0555555559694767
0 0.632031261920929 0.8902778029441833 0.01406249962747097 0.05277777835726738
0 0.6932291388511658 0.8930555582046509 0.012500000186264515 0.04722222313284874
0 0.725781261920929 0.895370364189148 0.013020833022892475 0.05370370298624039
0 0.7716146111488342 0.8967592716217041 0.01406249962747097 0.05092592537403107
0 0.6494791507720947 0.9467592835426331 0.014583333395421505 0.05648148059844971
0 0.6781250238418579 0.947685182094574 0.014583333395421505 0.05092592537403107
0 0.7093750238418579 0.9486111402511597 0.01354166679084301 0.05277777835726738
0 0.7565104365348816 0.9518518447875977 0.013020833022892475 0.05370370298624039
0 0.7901041507720947 0.9495370388031006 0.01354166679084301 0.04722222313284874
0 0.8205729126930237 0.9606481194496155 0.015104166232049465 0.049074072390794754
0 0.9489583373069763 0.9004629850387573 0.014583333395421505 0.05462963134050369
0 0.9807291626930237 0.9023148417472839 0.01666666753590107 0.05462963134050369
0 0.979687511920929 0.5013889074325562 0.01666666753590107 0.05092592537403107
0 0.02682291716337204 0.20185184478759766 0.01614583283662796 0.04259259253740311
0 0.010416666977107525 0.9824073910713196 0.02083333395421505 0.03333333507180214
