0 0.15078124403953552 0.04444444552063942 0.0234375 0.02777777798473835
0 0.22890624403953552 0.0486111119389534 0.02239583246409893 0.032407406717538834
0 0.3033854067325592 0.05787036940455437 0.02447916753590107 0.03611111268401146
0 0.3335937559604645 0.05879629775881767 0.0234375 0.034259259700775146
0 0.3502604067325592 0.06388889253139496 0.04843749850988388 0.03703703731298447
0 0.12005208432674408 0.09675925970077515 0.02656250074505806 0.03981481492519379
0 0.24531249701976776 0.11620370298624039 0.02291666716337204 0.037962961941957474
0 0.29296875 0.1240740716457367 0.02864583395421505 0.03703703731298447
0 0.36380207538604736 0.19907407462596893 0.01614583283662796 0.031481482088565826
0 0.4338541626930237 0.1319444477558136 0.01770833320915699 0.037962961941957474
0 0.4710937440395355 0.12546296417713165 0.01406249962747097 0.0416666679084301
0 0.4937500059604645 0.06018518656492233 0.012500000186264515 0.03333333507180214
0 0.512499988079071 0.05092592537403107 0.015625 0.046296294778585434
0 0.5026041865348816 0.12175925821065903 0.010416666977107525 0.037962961941957474
0 0.5854166746139526 0.17222222685813904 0.03229166567325592 0.029629629105329514
0 0.7268229126930237 0.14953704178333282 0.03177083283662796 0.028703704476356506
0 0.703125 0.09490741044282913 0.02291666716337204 0.04722222313284874
0 0.7231770753860474 0.01944444514811039 0.02552083320915699 0.03888889029622078
0 0.8354166746139526 0.012500000186264515 0.02812499925494194 0.02500000037252903
0 0.8028646111488342 0.08055555820465088 0.02864583395421505 0.046296294778585434
0 0.8648437261581421 0.07685185223817825 0.02552083320915699 0.031481482088565826
0 0.8765624761581421 0.1449074000120163 0.03958333283662796 0.034259259700775146
0 0.8239583373069763 0.1736111044883728 0.03854166716337204 0.0416666679084301
0 0.9736979007720947 0.19583334028720856 0.03072916716337204 0.037962961941957474
0 0.9466145634651184 0.22777777910232544 0.02552083320915699 0.04259259253740311
0 0.8786458373069763 0.21111111342906952 0.02604166604578495 0.04444444552063942
0 0.8572916388511658 0.21296297013759613 0.02708333358168602 0.04814814776182175
0 0.8453124761581421 0.255092591047287 0.03125 0.05462963134050369
0 0.7455729246139526 0.23425926268100739 0.0234375 0.046296294778585434
0 0.7263020873069763 0.23657406866550446 0.02552083320915699 0.05277777835726738
0 0.6895833611488342 0.24259258806705475 0.02604166604578495 0.05740740895271301
0 0.6499999761581421 0.2509259283542633 0.02500000037252903 0.04259259253740311
0 0.6119791865348816 0.2532407343387604 0.01979166641831398 0.034259259700775146
0 0.5549479126930237 0.26249998807907104 0.02031249925494194 0.049074072390794754
0 0.5143229365348816 0.2699074149131775 0.01927083358168602 0.05092592537403107
0 0.43671876192092896 0.27916666865348816 0.01822916604578495 0.04537037014961243
0 0.39531248807907104 0.27453702688217163 0.01979166641831398 0.04722222313284874
0 0.6479166746139526 0.29398149251937866 0.04062499850988388 0.03055555559694767
0 0.3489583432674408 0.3152777850627899 0.03020833246409893 0.043518517166376114
0 0.28723958134651184 0.2736110985279083 0.02552083320915699 0.049074072390794754
0 0.2658854126930237 0.27407407760620117 0.0234375 0.040740739554166794
0 0.23151041567325592 0.26435184478759766 0.02760416641831398 0.04722222313284874
0 0.1744791716337204 0.2587963044643402 0.03020833246409893 0.043518517166376114
0 0.08411458134651184 0.23842592537403107 0.02968749962747097 0.049074072390794754
0 0.04609375074505806 0.23564815521240234 0.03072916716337204 0.049074072390794754
0 0.4307291805744171 0.33194443583488464 0.04895833507180214 0.037962961941957474
0 0.5244791507720947 0.37361112236976624 0.02083333395421505 0.06018518656492233
0 0.5453125238418579 0.3689814805984497 0.01875000074505806 0.05833333358168602
0 0.5768229365348816 0.3680555522441864 0.02239583246409893 0.049074072390794754
0 0.598437488079071 0.36944442987442017 0.02500000037252903 0.046296294778585434
0 0.6091145873069763 0.3629629611968994 0.02135416679084301 0.04814814776182175
0 0.6479166746139526 0.3601851761341095 0.01666666753590107 0.04444444552063942
0 0.6934896111488342 0.35046297311782837 0.02239583246409893 0.04537037014961243
0 0.7346354126930237 0.34490740299224854 0.02447916753590107 0.04537037014961243
0 0.7736979126930237 0.33703702688217163 0.02135416679084301 0.05000000074505806
0 0.8026041388511658 0.33703702688217163 0.01979166641831398 0.04814814776182175
0 0.8192708492279053 0.3291666805744171 0.03020833246409893 0.04722222313284874
0 0.8986979126930237 0.31990739703178406 0.03489583358168602 0.05648148059844971
0 0.9268229007720947 0.31018519401550293 0.03177083283662796 0.05925925821065903
0 0.9760416746139526 0.3013888895511627 0.02812499925494194 0.0416666679084301
0 0.9255208373069763 0.38657405972480774 0.03125 0.05277777835726738
0 0.9479166865348816 0.37731480598449707 0.03020833246409893 0.049074072390794754
0 0.53125 0.44398146867752075 0.02187499962747097 0.05277777835726738
0 0.5559895634651184 0.4435185194015503 0.02031249925494194 0.051851850003004074
0 0.578125 0.43518519401550293 0.02187499962747097 0.06111111119389534
0 0.6002604365348816 0.4375 0.02239583246409893 0.05277777835726738
0 0.6236979365348816 0.4337962865829468 0.02447916753590107 0.05833333358168602
0 0.6458333134651184 0.4296296238899231 0.02291666716337204 0.05740740895271301
0 0.6669270992279053 0.4245370328426361 0.0234375 0.04722222313284874
0 0.6880208253860474 0.41990742087364197 0.02708333358168602 0.05277777835726738
0 0.7119791507720947 0.4138889014720917 0.02604166604578495 0.05000000074505806
0 0.731249988079071 0.40925925970077515 0.02395833283662796 0.04259259253740311
0 0.7757812738418579 0.4097222089767456 0.02864583395421505 0.05092592537403107
0 0.796875 0.4037036895751953 0.03020833246409893 0.06111111119389534
0 0.8184896111488342 0.39444443583488464 0.03072916716337204 0.06296296417713165
0 0.84375 0.3939814865589142 0.03020833246409893 0.05833333358168602
0 0.796093761920929 0.4712963104248047 0.0546875 0.046296294778585434
0 0.9765625 0.510185182094574 0.04583333432674408 0.08518518507480621
0 0.49296873807907104 0.45694443583488464 0.01927083358168602 0.05462963134050369
0 0.4684895873069763 0.4523148238658905 0.02031249925494194 0.06018518656492233
0 0.44583332538604736 0.4555555582046509 0.01979166641831398 0.05370370298624039
0 0.42005208134651184 0.4555555582046509 0.01822916604578495 0.06666667014360428
0 0.3955729305744171 0.4495370388031006 0.01927083358168602 0.09351851791143417
0 0.18984374403953552 0.4263888895511627 0.02447916753590107 0.05648148059844971
0 0.15546874701976776 0.3810185194015503 0.02864583395421505 0.07870370149612427
0 0.12578125298023224 0.3976851999759674 0.02968749962747097 0.1379629671573639
0 0.01197916641831398 0.35046297311782837 0.02395833283662796 0.06388889253139496
0 0.05703125149011612 0.5689814686775208 0.03697916492819786 0.0694444477558136
0 0.10104166716337204 0.5736111402511597 0.03437500074505806 0.07129629701375961
0 0.12395833432674408 0.5810185074806213 0.03854166716337204 0.08055555820465088
0 0.16770833730697632 0.5912036895751953 0.03333333507180214 0.0694444477558136
0 0.19296875596046448 0.5949074029922485 0.03489583358168602 0.06759259104728699
0 0.2174479216337204 0.5967592597007751 0.0338541679084301 0.06759259104728699
0 0.19635416567325592 0.6712962985038757 0.03333333507180214 0.07407407462596893
0 0.1666666716337204 0.6726852059364319 0.03541666641831398 0.0694444477558136
0 0.1236979141831398 0.6620370149612427 0.03697916492819786 0.06666667014360428
0 0.09869791567325592 0.657870352268219 0.03697916492819786 0.06388889253139496
0 0.07187499850988388 0.6523148417472839 0.03750000149011612 0.06759259104728699
0 0.0533854179084301 0.6509259343147278 0.05260416492819786 0.07037036865949631
0 0.014583333395421505 0.6236110925674438 0.02916666679084301 0.0694444477558136
0 0.2671875059604645 0.7023147940635681 0.03333333507180214 0.08425925672054291
0 0.32109373807907104 0.7689814567565918 0.05260416492819786 0.03981481492519379
0 0.34427082538604736 0.6004629731178284 0.02395833283662796 0.07129629701375961
0 0.3713541626930237 0.6004629731178284 0.02291666716337204 0.06759259104728699
0 0.40312498807907104 0.5995370149612427 0.02291666716337204 0.06203703582286835
0 0.44973957538604736 0.6000000238418579 0.02447916753590107 0.05740740895271301
0 0.4749999940395355 0.5925925970077515 0.02291666716337204 0.05740740895271301
0 0.5041666626930237 0.5902777910232544 0.01875000074505806 0.06574074178934097
0 0.5075520873069763 0.6592592597007751 0.0234375 0.06851851940155029
0 0.47968751192092896 0.6611111164093018 0.02187499962747097 0.05740740895271301
0 0.4528645873069763 0.6666666865348816 0.02031249925494194 0.06851851940155029
0 0.4255208373069763 0.6759259104728699 0.02708333358168602 0.08518518507480621
0 0.3684895932674408 0.6810185313224792 0.0234375 0.06574074178934097
0 0.3427083194255829 0.6777777671813965 0.02395833283662796 0.08148147910833359
0 0.31432291865348816 0.6699073910713196 0.02656250074505806 0.07685185223817825
0 0.5455729365348816 0.582870364189148 0.02239583246409893 0.0694444477558136
0 0.573437511920929 0.5837963223457336 0.02291666716337204 0.06759259104728699
0 0.6078125238418579 0.5805555582046509 0.03750000149011612 0.06111111119389534
0 0.6223958134651184 0.5708333253860474 0.02500000037252903 0.0694444477558136
0 0.6489583253860474 0.5712962746620178 0.02604166604578495 0.06666667014360428
0 0.6708333492279053 0.5652777552604675 0.02500000037252903 0.05462963134050369
0 0.6940104365348816 0.5583333373069763 0.03177083283662796 0.06111111119389534
0 0.719531238079071 0.5546296238899231 0.02447916753590107 0.0555555559694767
0 0.7427083253860474 0.5481481552124023 0.03125 0.06851851940155029
0 0.79296875 0.5435185432434082 0.02760416641831398 0.06111111119389534
0 0.8169270753860474 0.5393518805503845 0.03072916716337204 0.06203703582286835
0 0.8520833253860474 0.542129635810852 0.04895833507180214 0.06759259104728699
0 0.8648437261581421 0.5370370149612427 0.02864583395421505 0.05925925821065903
0 0.8911458253860474 0.5249999761581421 0.03437500074505806 0.05740740895271301
0 0.9114583134651184 0.5916666388511658 0.0416666679084301 0.07777778059244156
0 0.8872395753860474 0.5995370149612427 0.03489583358168602 0.07314814627170563
0 0.8395833373069763 0.6060185432434082 0.03125 0.07314814627170563
0 0.86328125 0.6083333492279053 0.02968749962747097 0.06851851940155029
0 0.8125 0.6115740537643433 0.03229166567325592 0.07685185223817825
0 0.7856770753860474 0.6138888597488403 0.03072916716337204 0.06111111119389534
0 0.7604166865348816 0.6217592358589172 0.03020833246409893 0.05462963134050369
0 0.7388020753860474 0.6305555701255798 0.03489583358168602 0.06481481343507767
0 0.7106770873069763 0.635185182094574 0.03489583358168602 0.07592592388391495
0 0.6596354246139526 0.6449074149131775 0.02968749962747097 0.0694444477558136
0 0.6333333253860474 0.6435185074806213 0.02604166604578495 0.07037036865949631
0 0.6098958253860474 0.6472222208976746 0.02291666716337204 0.06851851940155029
0 0.5835937261581421 0.6490740776062012 0.02552083320915699 0.06481481343507767
0 0.5552083253860474 0.654629647731781 0.02187499962747097 0.06666667014360428
0 0.8419271111488342 0.6935185194015503 0.0598958320915699 0.05740740895271301
0 0.953906238079071 0.6763888597488403 0.0546875 0.0416666679084301
0 0.7895833253860474 0.7495370507240295 0.05312500149011612 0.049074072390794754
0 0.4802083373069763 0.854629635810852 0.02708333358168602 0.13518518209457397
0 0.5223958492279053 0.8722222447395325 0.02604166604578495 0.08888889104127884
0 0.592968761920929 0.8601852059364319 0.02864583395421505 0.08703703433275223
0 0.637499988079071 0.8490740656852722 0.03229166567325592 0.08888889104127884
0 0.6885416507720947 0.8500000238418579 0.03020833246409893 0.05740740895271301
0 0.7250000238418579 0.8337963223457336 0.03333333507180214 0.0694444477558136
0 0.84765625 0.8138889074325562 0.04322916641831398 0.0833333358168602
0 0.8882812261581421 0.8101851940155029 0.04114583507180214 0.08148147910833359
0 0.93359375 0.8009259104728699 0.04322916641831398 0.0833333358168602
0 0.9716145992279053 0.7925925850868225 0.0390625 0.08148147910833359
0 0.3856770694255829 0.8884259462356567 0.02239583246409893 0.0694444477558136
0 0.34583333134651184 0.8805555701255798 0.03020833246409893 0.09259258955717087
0 0.2994791567325592 0.8935185074806213 0.03020833246409893 0.08703703433275223
0 0.25182291865348816 0.8893518447875977 0.03281249850988388 0.09907407313585281
0 0.21041665971279144 0.8930555582046509 0.03020833246409893 0.08611111342906952
0 0.17760416865348816 0.8537036776542664 0.0520833320915699 0.11851851642131805
0 0.14479166269302368 0.8574073910713196 0.03854166716337204 0.08703703433275223
0 0.11119791865348816 0.8569444417953491 0.04010416567325592 0.07870370149612427
0 0.08489583432674408 0.8472222089767456 0.03541666641831398 0.07222222536802292
0 0.05546874925494194 0.8504629731178284 0.03697916492819786 0.0824074074625969
0 0.03125 0.8305555582046509 0.05312500149011612 0.10185185074806213
0 0.01171875 0.8300926089286804 0.0234375 0.08796296268701553
