0 0.48906248807907104 0.17314815521240234 0.01354166679084301 0.06296296417713165
0 0.5078125 0.17638888955116272 0.014583333395421505 0.06574074178934097
0 0.5481770634651184 0.1856481432914734 0.01614583283662796 0.07314814627170563
0 0.5841146111488342 0.1805555522441864 0.01614583283662796 0.06296296417713165
0 0.6234375238418579 0.18194444477558136 0.01666666753590107 0.0824074074625969
0 0.6598958373069763 0.1736111044883728 0.014583333395421505 0.06388889253139496
0 0.6778646111488342 0.17546296119689941 0.015104166232049465 0.06018518656492233
0 0.7158854007720947 0.17685185372829437 0.01718750037252903 0.06851851940155029
0 0.7544270753860474 0.1893518567085266 0.01718750037252903 0.07870370149612427
0 0.7729166746139526 0.18009258806705475 0.014583333395421505 0.06203703582286835
0 0.789843738079071 0.17916665971279144 0.015104166232049465 0.06388889253139496
0 0.8135416507720947 0.17314815521240234 0.015625 0.05925925821065903
0 0.20781250298023224 0.23935185372829437 0.03854166716337204 0.028703704476356506
0 0.47864583134651184 0.3097222149372101 0.01770833320915699 0.0824074074625969
0 0.49687498807907104 0.35555556416511536 0.014583333395421505 0.05740740895271301
0 0.5713541507720947 0.3481481373310089 0.014583333395421505 0.05925925821065903
0 0.6070312261581421 0.3481481373310089 0.01614583283662796 0.06666667014360428
0 0.6273437738418579 0.3444444537162781 0.015104166232049465 0.05925925821065903
0 0.6486979126930237 0.3481481373310089 0.01614583283662796 0.06666667014360428
0 0.6682291626930237 0.35370370745658875 0.01666666753590107 0.06481481343507767
0 0.7044270634651184 0.34861111640930176 0.015104166232049465 0.06203703582286835
0 0.72265625 0.35046297311782837 0.01406249962747097 0.06018518656492233
0 0.7408854365348816 0.35555556416511536 0.01406249962747097 0.06296296417713165
0 0.7598958611488342 0.35972222685813904 0.014583333395421505 0.05648148059844971
0 0.7796875238418579 0.3592592477798462 0.014583333395421505 0.06111111119389534
0 0.7986978888511658 0.35648149251937866 0.015104166232049465 0.06296296417713165
0 0.8848958611488342 0.24768517911434174 0.03229166567325592 0.028703704476356506
0 0.8888021111488342 0.2847222089767456 0.03072916716337204 0.02500000037252903
0 0.887499988079071 0.31805557012557983 0.03854166716337204 0.026851851493120193
0 0.8848958611488342 0.36157408356666565 0.03333333507180214 0.026851851493120193
0 0.8752604126930237 0.43888887763023376 0.01822916604578495 0.06296296417713165
0 0.8947916626930237 0.4337962865829468 0.014583333395421505 0.06203703582286835
0 0.9138020873069763 0.4365740716457367 0.01614583283662796 0.06018518656492233
0 0.93359375 0.42916667461395264 0.01614583283662796 0.05462963134050369
0 0.9528645873069763 0.4314814805984497 0.01614583283662796 0.06111111119389534
0 0.9723958373069763 0.4337962865829468 0.014583333395421505 0.05648148059844971
0 0.5158854126930237 0.4226851761341095 0.015104166232049465 0.05648148059844971
0 0.5531250238418579 0.4263888895511627 0.015625 0.06388889253139496
0 0.5885416865348816 0.4337962865829468 0.014583333395421505 0.06018518656492233
0 0.6075521111488342 0.4236111044883728 0.015104166232049465 0.06203703582286835
0 0.6270833611488342 0.4236111044883728 0.014583333395421505 0.06018518656492233
0 0.6468750238418579 0.4254629611968994 0.014583333395421505 0.05462963134050369
0 0.6677083373069763 0.4268518388271332 0.015625 0.06666667014360428
0 0.6864583492279053 0.4175925850868225 0.014583333395421505 0.06111111119389534
0 0.7041666507720947 0.4245370328426361 0.015625 0.0694444477558136
0 0.723437488079071 0.4185185134410858 0.01354166679084301 0.05740740895271301
0 0.742968738079071 0.4314814805984497 0.01614583283662796 0.06481481343507767
0 0.7611979246139526 0.4347222149372101 0.015104166232049465 0.06018518656492233
0 0.7783854007720947 0.4226851761341095 0.015104166232049465 0.05833333358168602
0 0.7979166507720947 0.4356481432914734 0.01770833320915699 0.06388889253139496
0 0.42369791865348816 0.3638888895511627 0.01718750037252903 0.06851851940155029
0 0.4403645694255829 0.4268518388271332 0.01406249962747097 0.06111111119389534
0 0.47708332538604736 0.42314815521240234 0.01354166679084301 0.05370370298624039
0 0.38229167461395264 0.42407408356666565 0.014583333395421505 0.06111111119389534
0 0.40286457538604736 0.427314817905426 0.01406249962747097 0.05648148059844971
0 0.30677083134651184 0.4226851761341095 0.014583333395421505 0.06203703582286835
0 0.32604166865348816 0.4203703701496124 0.01354166679084301 0.05740740895271301
0 0.3463541567325592 0.42407408356666565 0.014583333395421505 0.06111111119389534
0 0.32734376192092896 0.35092592239379883 0.015104166232049465 0.06481481343507767
0 0.29088541865348816 0.3472222089767456 0.01614583283662796 0.06296296417713165
0 0.25182291865348816 0.34259259700775146 0.01718750037252903 0.06296296417713165
0 0.26953125 0.41435185074806213 0.01614583283662796 0.06574074178934097
0 0.24791666865348816 0.41805556416511536 0.015625 0.06018518656492233
0 0.23046875 0.41342592239379883 0.015104166232049465 0.05648148059844971
0 0.21119791269302368 0.4175925850868225 0.01718750037252903 0.06481481343507767
0 0.19166666269302368 0.41990742087364197 0.01666666753590107 0.06759259104728699
0 0.17343750596046448 0.4208333194255829 0.014583333395421505 0.06018518656492233
0 0.15572915971279144 0.4157407283782959 0.015625 0.0555555559694767
0 0.13463541865348816 0.41527777910232544 0.01822916604578495 0.06388889253139496
0 0.13437500596046448 0.34259259700775146 0.015625 0.06111111119389534
0 0.15677084028720856 0.3402777910232544 0.01666666753590107 0.06574074178934097
0 0.19296875596046448 0.3393518626689911 0.01718750037252903 0.06203703582286835
0 0.21380208432674408 0.33703702688217163 0.01822916604578495 0.06666667014360428
0 0.04739583283662796 0.29490742087364197 0.0364583320915699 0.026851851493120193
0 0.04843749850988388 0.3333333432674408 0.0364583320915699 0.025925925001502037
0 0.04921875149011612 0.36851853132247925 0.03802083432674408 0.02777777798473835
0 0.04791666567325592 0.4009259343147278 0.03854166716337204 0.029629629105329514
0 0.04348958283662796 0.4333333373069763 0.03593749925494194 0.02777777798473835
0 0.04244791716337204 0.46759259700775146 0.03593749925494194 0.029629629105329514
0 0.04583333432674408 0.5013889074325562 0.03437500074505806 0.026851851493120193
0 0.04296875 0.5384259223937988 0.03697916492819786 0.026851851493120193
0 0.04322916641831398 0.5731481313705444 0.03020833246409893 0.025925925001502037
0 0.04270833358168602 0.604629635810852 0.03750000149011612 0.02777777798473835
0 0.04401041567325592 0.6384259462356567 0.04010416567325592 0.026851851493120193
0 0.04114583507180214 0.6754629611968994 0.03541666641831398 0.028703704476356506
0 0.03984374925494194 0.7074074149131775 0.03802083432674408 0.029629629105329514
0 0.04921875149011612 0.762499988079071 0.0338541679084301 0.05277777835726738
0 0.0598958320915699 0.7939814925193787 0.03229166567325592 0.05462963134050369
0 0.07005207985639572 0.8208333253860474 0.02447916753590107 0.043518517166376114
0 0.09687499701976776 0.8662037253379822 0.03437500074505806 0.05648148059844971
0 0.1080729141831398 0.8949074149131775 0.02968749962747097 0.05462963134050369
0 0.12395833432674408 0.9166666865348816 0.03020833246409893 0.05000000074505806
0 0.13880208134651184 0.9407407641410828 0.04322916641831398 0.06481481343507767
0 0.1497395783662796 0.9694444537162781 0.03072916716337204 0.05000000074505806
0 0.15208333730697632 0.5055555701255798 0.01979166641831398 0.06296296417713165
0 0.22317709028720856 0.4962962865829468 0.02447916753590107 0.025925925001502037
0 0.13072916865348816 0.5944444537162781 0.015625 0.05925925821065903
0 0.16875000298023224 0.5949074029922485 0.01875000074505806 0.06759259104728699
0 0.2057291716337204 0.5976851582527161 0.014583333395421505 0.06203703582286835
0 0.22578124701976776 0.5907407402992249 0.01406249962747097 0.05740740895271301
0 0.2447916716337204 0.5995370149612427 0.015625 0.05462963134050369
0 0.26380208134651184 0.5898148417472839 0.015104166232049465 0.0555555559694767
0 0.28307291865348816 0.5949074029922485 0.01406249962747097 0.06018518656492233
0 0.30260416865348816 0.5944444537162781 0.015625 0.06111111119389534
0 0.32239583134651184 0.592129647731781 0.015625 0.06203703582286835
0 0.3583333194255829 0.5935184955596924 0.015625 0.06296296417713165
0 0.37812501192092896 0.5995370149612427 0.01354166679084301 0.06203703582286835
0 0.3973958194255829 0.605555534362793 0.015625 0.06296296417713165
0 0.4351562559604645 0.6083333492279053 0.01406249962747097 0.06296296417713165
0 0.4541666805744171 0.6004629731178284 0.014583333395421505 0.06574074178934097
0 0.47213542461395264 0.605555534362793 0.01406249962747097 0.06296296417713165
0 0.49401041865348816 0.6069444417953491 0.015104166232049465 0.05833333358168602
0 0.5302083492279053 0.5976851582527161 0.015625 0.06203703582286835
0 0.12786458432674408 0.6736111044883728 0.01718750037252903 0.06388889253139496
0 0.15130208432674408 0.6731481552124023 0.01718750037252903 0.06481481343507767
0 0.16875000298023224 0.6699073910713196 0.014583333395421505 0.06018518656492233
0 0.1848958283662796 0.6666666865348816 0.015625 0.06296296417713165
0 0.20546874403953552 0.6662036776542664 0.015104166232049465 0.06018518656492233
0 0.22578124701976776 0.6722221970558167 0.01406249962747097 0.06296296417713165
0 0.24427083134651184 0.6722221970558167 0.015625 0.06111111119389534
0 0.26249998807907104 0.6847222447395325 0.01666666753590107 0.06574074178934097
0 0.2822916805744171 0.6703703999519348 0.014583333395421505 0.05925925821065903
0 0.3020833432674408 0.677314817905426 0.01354166679084301 0.05833333358168602
0 0.3203125 0.6731481552124023 0.01354166679084301 0.0555555559694767
0 0.3382812440395355 0.6745370626449585 0.01406249962747097 0.05462963134050369
0 0.35859376192092896 0.6675925850868225 0.015104166232049465 0.05740740895271301
0 0.3776041567325592 0.6675925850868225 0.01354166679084301 0.04814814776182175
0 0.39661458134651184 0.6805555820465088 0.01406249962747097 0.06296296417713165
0 0.4156250059604645 0.677314817905426 0.015625 0.06388889253139496
0 0.4348958432674408 0.6759259104728699 0.01354166679084301 0.06111111119389534
0 0.4541666805744171 0.6745370626449585 0.014583333395421505 0.06388889253139496
0 0.47213542461395264 0.6800925731658936 0.015104166232049465 0.06203703582286835
0 0.49140626192092896 0.6768518686294556 0.01406249962747097 0.05925925821065903
0 0.5291666388511658 0.6726852059364319 0.014583333395421505 0.06203703582286835
0 0.5877603888511658 0.6027777791023254 0.01406249962747097 0.0555555559694767
0 0.6075521111488342 0.5995370149612427 0.015104166232049465 0.06574074178934097
0 0.6270833611488342 0.5995370149612427 0.01354166679084301 0.06203703582286835
0 0.6463541388511658 0.5939815044403076 0.014583333395421505 0.06574074178934097
0 0.6643229126930237 0.5944444537162781 0.015104166232049465 0.06111111119389534
0 0.6833333373069763 0.5967592597007751 0.014583333395421505 0.06203703582286835
0 0.7020833492279053 0.6013888716697693 0.012500000186264515 0.04722222313284874
0 0.7223958373069763 0.6000000238418579 0.01354166679084301 0.05925925821065903
0 0.7388020753860474 0.5990740656852722 0.015104166232049465 0.06111111119389534
0 0.7596353888511658 0.5981481671333313 0.01718750037252903 0.06666667014360428
0 0.7760416865348816 0.6009259223937988 0.015625 0.06111111119389534
0 0.7955729365348816 0.6018518805503845 0.01614583283662796 0.06481481343507767
0 0.8143228888511658 0.6032407283782959 0.01406249962747097 0.05833333358168602
0 0.8322916626930237 0.6009259223937988 0.015625 0.05740740895271301
0 0.8520833253860474 0.6041666865348816 0.01666666753590107 0.05833333358168602
0 0.8721354007720947 0.6078703999519348 0.01614583283662796 0.06574074178934097
0 0.8927083611488342 0.614814817905426 0.01666666753590107 0.05925925821065903
0 0.9091145992279053 0.6032407283782959 0.01406249962747097 0.05648148059844971
0 0.7562500238418579 0.6787037253379822 0.01354166679084301 0.05925925821065903
0 0.776562511920929 0.6800925731658936 0.015625 0.06388889253139496
0 0.7955729365348816 0.6805555820465088 0.015104166232049465 0.05740740895271301
0 0.8148437738418579 0.6768518686294556 0.01406249962747097 0.06111111119389534
0 0.8333333134651184 0.6791666746139526 0.015625 0.06018518656492233
0 0.8518229126930237 0.6740740537643433 0.015104166232049465 0.06111111119389534
0 0.8700520992279053 0.6777777671813965 0.015104166232049465 0.06111111119389534
0 0.8908854126930237 0.6851851940155029 0.01718750037252903 0.06111111119389534
0 0.9106770753860474 0.6824073791503906 0.015104166232049465 0.06296296417713165
0 0.9408854246139526 0.6986111402511597 0.02552083320915699 0.05833333358168602
0 0.600781261920929 0.7722222208976746 0.02135416679084301 0.024074073880910873
0 0.6695312261581421 0.7768518328666687 0.0338541679084301 0.025925925001502037
0 0.7653645873069763 0.7768518328666687 0.0338541679084301 0.025925925001502037
0 0.8575521111488342 0.7699074149131775 0.0338541679084301 0.026851851493120193
0 0.18255208432674408 0.8847222328186035 0.02552083320915699 0.05648148059844971
0 0.21718749403953552 0.8439815044403076 0.01770833320915699 0.06759259104728699
0 0.24322916567325592 0.8444444537162781 0.015625 0.0555555559694767
0 0.26249998807907104 0.8476851582527161 0.015625 0.06018518656492233
0 0.2822916805744171 0.8486111164093018 0.014583333395421505 0.06388889253139496
0 0.3005208373069763 0.852314829826355 0.01354166679084301 0.05833333358168602
0 0.3190104067325592 0.845370352268219 0.01614583283662796 0.06851851940155029
0 0.3385416567325592 0.8467592597007751 0.015625 0.0694444477558136
0 0.3567708432674408 0.8560185432434082 0.014583333395421505 0.05833333358168602
0 0.3760416805744171 0.8495370149612427 0.014583333395421505 0.06203703582286835
0 0.39505207538604736 0.8430555462837219 0.015104166232049465 0.06203703582286835
0 0.4138020873069763 0.852314829826355 0.01406249962747097 0.06203703582286835
0 0.4338541626930237 0.8458333611488342 0.014583333395421505 0.0694444477558136
0 0.45364582538604736 0.8458333611488342 0.01354166679084301 0.06018518656492233
0 0.4729166626930237 0.8490740656852722 0.01354166679084301 0.05925925821065903
0 0.4921875 0.8541666865348816 0.014583333395421505 0.05833333358168602
0 0.528124988079071 0.8532407283782959 0.014583333395421505 0.06203703582286835
0 0.567187488079071 0.8472222089767456 0.015625 0.07592592388391495
0 0.2593750059604645 0.9208333492279053 0.014583333395421505 0.06018518656492233
0 0.2786458432674408 0.9203703999519348 0.014583333395421505 0.05740740895271301
0 0.2994791567325592 0.925000011920929 0.014583333395421505 0.05925925821065903
0 0.3190104067325592 0.9208333492279053 0.01406249962747097 0.06574074178934097
0 0.33776041865348816 0.925000011920929 0.015104166232049465 0.06111111119389534
0 0.3565104305744171 0.9259259104728699 0.015104166232049465 0.06296296417713165
0 0.3752604126930237 0.9282407164573669 0.015104166232049465 0.06759259104728699
0 0.3947916626930237 0.918055534362793 0.012500000186264515 0.05462963134050369
0 0.4140625 0.9212962985038757 0.014583333395421505 0.06296296417713165
0 0.43307292461395264 0.9199073910713196 0.015104166232049465 0.05833333358168602
0 0.45234376192092896 0.9208333492279053 0.015104166232049465 0.06574074178934097
0 0.47213542461395264 0.9217592477798462 0.013020833022892475 0.06203703582286835
0 0.49036458134651184 0.9310185313224792 0.01406249962747097 0.06018518656492233
0 0.5093749761581421 0.9291666746139526 0.01354166679084301 0.06574074178934097
0 0.528124988079071 0.9319444298744202 0.014583333395421505 0.05648148059844971
0 0.5479166507720947 0.9310185313224792 0.014583333395421505 0.06759259104728699
0 0.5669270753860474 0.9342592358589172 0.015104166232049465 0.06481481343507767
0 0.5854166746139526 0.9347222447395325 0.01354166679084301 0.06388889253139496
0 0.604687511920929 0.9347222447395325 0.014583333395421505 0.0694444477558136
0 0.624218761920929 0.9370370507240295 0.01406249962747097 0.05740740895271301
0 0.6440104246139526 0.9314814805984497 0.015104166232049465 0.06481481343507767
0 0.6635416746139526 0.9328703880310059 0.014583333395421505 0.06574074178934097
0 0.6820312738418579 0.9319444298744202 0.015104166232049465 0.05833333358168602
0 0.7013021111488342 0.9287037253379822 0.015104166232049465 0.06296296417713165
0 0.719531238079071 0.9347222447395325 0.015104166232049465 0.06388889253139496
0 0.7377604246139526 0.9296296238899231 0.01406249962747097 0.06111111119389534
0 0.7578125 0.9365741014480591 0.01666666753590107 0.07500000298023224
0 0.7760416865348816 0.9314814805984497 0.01770833320915699 0.06296296417713165
0 0.7955729365348816 0.9310185313224792 0.015104166232049465 0.06018518656492233
0 0.811718761920929 0.9356481432914734 0.01718750037252903 0.06574074178934097
0 0.8315104246139526 0.9356481432914734 0.015104166232049465 0.06203703582286835
0 0.8513020873069763 0.9328703880310059 0.01614583283662796 0.06203703582286835
0 0.8705729246139526 0.9324073791503906 0.01927083358168602 0.07777778059244156
0 0.8916666507720947 0.9254629611968994 0.01666666753590107 0.06203703582286835
0 0.9104166626930237 0.9305555820465088 0.01666666753590107 0.06111111119389534
0 0.7552083134651184 0.8458333611488342 0.01770833320915699 0.07870370149612427
0 0.7755208611488342 0.8490740656852722 0.015625 0.06111111119389534
0 0.7934895753860474 0.8500000238418579 0.015104166232049465 0.06296296417713165
0 0.813281238079071 0.8606481552124023 0.01614583283662796 0.06388889253139496
0 0.8325520753860474 0.8615740537643433 0.015104166232049465 0.06388889253139496
0 0.850781261920929 0.8629629611968994 0.01406249962747097 0.05740740895271301
0 0.8700520992279053 0.8587962985038757 0.01614583283662796 0.05833333358168602
0 0.8882812261581421 0.8564814925193787 0.01718750037252903 0.06296296417713165
0 0.91015625 0.8490740656852722 0.01822916604578495 0.06666667014360428
0 0.16249999403953552 0.9814814925193787 0.03125 0.035185184329748154
0 0.0846354141831398 0.842129647731781 0.03281249850988388 0.05648148059844971
0 0.9526041746139526 0.907870352268219 0.01666666753590107 0.06203703582286835
0 0.9893229007720947 0.5222222208976746 0.02031249925494194 0.02777777798473835
0 0.9916666746139526 0.5550925731658936 0.015625 0.026851851493120193
0 0.992968738079071 0.5856481194496155 0.013020833022892475 0.021296296268701553
0 0.989062488079071 0.6189814805984497 0.02083333395421505 0.026851851493120193
0 0.9898437261581421 0.6537036895751953 0.01927083358168602 0.02777777798473835
0 0.9911458492279053 0.6902777552604675 0.01666666753590107 0.026851851493120193
0 0.9877604246139526 0.7231481671333313 0.0234375 0.029629629105329514
0 0.992968738079071 0.7555555701255798 0.013020833022892475 0.024074073880910873
0 0.9901041388511658 0.789814829826355 0.01875000074505806 0.029629629105329514
0 0.991406261920929 0.8245370388031006 0.01614583283662796 0.026851851493120193
0 0.9893229007720947 0.8597221970558167 0.02031249925494194 0.03055555559694767
0 0.9927083253860474 0.9166666865348816 0.01354166679084301 0.02777777798473835
0 0.9906250238418579 0.9495370388031006 0.01770833320915699 0.032407406717538834
0 0.9919270873069763 0.9856481552124023 0.015104166232049465 0.026851851493120193
