0 0.11432291567325592 0.05092592537403107 0.04635416716337204 0.03703703731298447
0 0.11562500149011612 0.08981481194496155 0.03541666641831398 0.03888889029622078
0 0.1171875 0.12870369851589203 0.02916666679084301 0.031481482088565826
0 0.1171875 0.16435185074806213 0.03958333283662796 0.032407406717538834
0 0.11562500149011612 0.20648148655891418 0.0364583320915699 0.03333333507180214
0 0.11432291567325592 0.2439814805984497 0.04322916641831398 0.034259259700775146
0 0.11484374850988388 0.2837963104248047 0.03177083283662796 0.028703704476356506
0 0.11536458134651184 0.3254629671573639 0.03593749925494194 0.034259259700775146
0 0.11171875149011612 0.36666667461395264 0.03697916492819786 0.029629629105329514
0 0.11510416865348816 0.4037036895751953 0.03958333283662796 0.031481482088565826
0 0.11380208283662796 0.4731481373310089 0.04114583507180214 0.031481482088565826
0 0.02916666679084301 0.5490740537643433 0.02187499962747097 0.0555555559694767
0 0.00963541679084301 0.5884259343147278 0.01927083358168602 0.03055555559694767
0 0.00989583320915699 0.6259258985519409 0.01979166641831398 0.02777777798473835
0 0.01354166679084301 0.6634259223937988 0.02708333358168602 0.032407406717538834
0 0.015104166232049465 0.7032407522201538 0.03020833246409893 0.03611111268401146
0 0.01666666753590107 0.7481481432914734 0.03333333507180214 0.03888889029622078
0 0.01406249962747097 0.7842592597007751 0.02812499925494194 0.03333333507180214
0 0.01718750037252903 0.824999988079071 0.03437500074505806 0.040740739554166794
0 0.04791666567325592 0.8398148417472839 0.02187499962747097 0.06111111119389534
0 0.012239583767950535 0.8638888597488403 0.02447916753590107 0.035185184329748154
0 0.010416666977107525 0.9023148417472839 0.02083333395421505 0.034259259700775146
0 0.04921875149011612 0.9560185074806213 0.0234375 0.06759259104728699
0 0.23333333432674408 0.0555555559694767 0.03958333283662796 0.035185184329748154
0 0.23281249403953552 0.09259258955717087 0.0364583320915699 0.03333333507180214
0 0.19453124701976776 0.11944444477558136 0.07447917014360428 0.0962962955236435
0 0.19947916269302368 0.16805554926395416 0.03958333283662796 0.034259259700775146
0 0.19687500596046448 0.20509259402751923 0.03541666641831398 0.032407406717538834
0 0.20104166865348816 0.24675926566123962 0.03333333507180214 0.032407406717538834
0 0.24166665971279144 0.24768517911434174 0.04374999925494194 0.032407406717538834
0 0.19817708432674408 0.2898148000240326 0.0390625 0.03333333507180214
0 0.24375000596046448 0.28796297311782837 0.03333333507180214 0.029629629105329514
0 0.24244791269302368 0.32592591643333435 0.03697916492819786 0.031481482088565826
0 0.19921875 0.36666667461395264 0.03593749925494194 0.031481482088565826
0 0.2408854216337204 0.3662036955356598 0.04218750074505806 0.034259259700775146
0 0.20156249403953552 0.40509259700775146 0.04062499850988388 0.03055555559694767
0 0.19817708432674408 0.44212964177131653 0.04010416567325592 0.032407406717538834
0 0.24244791269302368 0.44398146867752075 0.03593749925494194 0.028703704476356506
0 0.19739583134651184 0.5217592716217041 0.03958333283662796 0.032407406717538834
0 0.24062499403953552 0.5180555582046509 0.0416666679084301 0.032407406717538834
0 0.19453124701976776 0.5638889074325562 0.0338541679084301 0.029629629105329514
0 0.23776040971279144 0.5597222447395325 0.03802083432674408 0.034259259700775146
0 0.19687500596046448 0.5976851582527161 0.03750000149011612 0.028703704476356506
0 0.2395833283662796 0.5972222089767456 0.03958333283662796 0.031481482088565826
0 0.19843749701976776 0.6361111402511597 0.04062499850988388 0.03333333507180214
0 0.24401041865348816 0.6347222328186035 0.0338541679084301 0.03055555559694767
0 0.20026041567325592 0.6754629611968994 0.03802083432674408 0.03055555559694767
0 0.24531249701976776 0.6763888597488403 0.03854166716337204 0.028703704476356506
0 0.20026041567325592 0.7134259343147278 0.04322916641831398 0.03611111268401146
0 0.24375000596046448 0.7527777552604675 0.03750000149011612 0.035185184329748154
0 0.20260415971279144 0.7537037134170532 0.03333333507180214 0.031481482088565826
0 0.24401041865348816 0.7893518805503845 0.03593749925494194 0.026851851493120193
0 0.20234374701976776 0.7949073910713196 0.04531250149011612 0.034259259700775146
0 0.24791666865348816 0.8300926089286804 0.03854166716337204 0.03055555559694767
0 0.19973959028720856 0.8722222447395325 0.04010416567325592 0.03333333507180214
0 0.24322916567325592 0.8694444298744202 0.03750000149011612 0.03333333507180214
0 0.24140624701976776 0.9087963104248047 0.04218750074505806 0.032407406717538834
0 0.20598958432674408 0.9453703761100769 0.04739583283662796 0.03703703731298447
0 0.19947916269302368 0.9861111044883728 0.04062499850988388 0.025925925001502037
0 0.3179687559604645 0.0555555559694767 0.03593749925494194 0.035185184329748154
0 0.35989582538604736 0.05370370298624039 0.0416666679084301 0.035185184329748154
0 0.3200520873069763 0.09351851791143417 0.04114583507180214 0.035185184329748154
0 0.3619791567325592 0.09305555373430252 0.03854166716337204 0.034259259700775146
0 0.32369792461395264 0.1310185194015503 0.04531250149011612 0.03611111268401146
0 0.3630208373069763 0.13148148357868195 0.03020833246409893 0.031481482088565826
0 0.36536458134651184 0.16805554926395416 0.03802083432674408 0.03611111268401146
0 0.3268229067325592 0.20462962985038757 0.03593749925494194 0.029629629105329514
0 0.3726562559604645 0.20648148655891418 0.04739583283662796 0.03333333507180214
0 0.3268229067325592 0.24444444477558136 0.0338541679084301 0.029629629105329514
0 0.3700520694255829 0.24953703582286835 0.0390625 0.032407406717538834
0 0.32604166865348816 0.28518518805503845 0.0416666679084301 0.031481482088565826
0 0.3697916567325592 0.2888889014720917 0.03125 0.029629629105329514
0 0.32604166865348816 0.32499998807907104 0.04270833358168602 0.035185184329748154
0 0.3239583373069763 0.36666667461395264 0.04479166492819786 0.03333333507180214
0 0.3674479126930237 0.36342594027519226 0.03489583358168602 0.03055555559694767
0 0.3645833432674408 0.40046295523643494 0.03333333507180214 0.03055555559694767
0 0.3244791626930237 0.4046296179294586 0.03750000149011612 0.035185184329748154
0 0.3257812559604645 0.44305557012557983 0.04114583507180214 0.03055555559694767
0 0.32499998807907104 0.4800925850868225 0.03541666641831398 0.03055555559694767
0 0.36250001192092896 0.4722222089767456 0.03125 0.02777777798473835
0 0.36927083134651184 0.5152778029441833 0.04062499850988388 0.034259259700775146
0 0.3257812559604645 0.5171296000480652 0.03802083432674408 0.03055555559694767
0 0.37161457538604736 0.5560185313224792 0.03697916492819786 0.032407406717538834
0 0.3268229067325592 0.5578703880310059 0.04010416567325592 0.032407406717538834
0 0.32734376192092896 0.595370352268219 0.0390625 0.031481482088565826
0 0.3265624940395355 0.6370370388031006 0.03333333507180214 0.02777777798473835
0 0.36770832538604736 0.6314814686775208 0.03541666641831398 0.031481482088565826
0 0.3648437559604645 0.6685185432434082 0.03697916492819786 0.03333333507180214
0 0.3244791626930237 0.6736111044883728 0.03958333283662796 0.03055555559694767
0 0.3674479126930237 0.7092592716217041 0.04010416567325592 0.035185184329748154
0 0.32499998807907104 0.75 0.03854166716337204 0.035185184329748154
0 0.328125 0.7888888716697693 0.03229166567325592 0.029629629105329514
0 0.3674479126930237 0.7851851582527161 0.0390625 0.03333333507180214
0 0.3317708373069763 0.8263888955116272 0.04374999925494194 0.03611111268401146
0 0.36640626192092896 0.8638888597488403 0.0390625 0.03888889029622078
0 0.3268229067325592 0.8694444298744202 0.03177083283662796 0.029629629105329514
0 0.3684895932674408 0.9023148417472839 0.04531250149011612 0.03611111268401146
0 0.328125 0.9421296119689941 0.0416666679084301 0.03611111268401146
0 0.37057292461395264 0.9754629731178284 0.03802083432674408 0.03611111268401146
0 0.3283854126930237 0.9814814925193787 0.03489583358168602 0.035185184329748154
0 0.44921875 0.051851850003004074 0.0442708320915699 0.035185184329748154
0 0.4937500059604645 0.05138888955116272 0.03229166567325592 0.032407406717538834
0 0.44609373807907104 0.09259258955717087 0.03489583358168602 0.03333333507180214
0 0.4893229305744171 0.08842592686414719 0.04010416567325592 0.03611111268401146
0 0.4502604305744171 0.12824073433876038 0.04010416567325592 0.034259259700775146
0 0.4856770932674408 0.16805554926395416 0.03593749925494194 0.032407406717538834
0 0.44479167461395264 0.16898147761821747 0.03333333507180214 0.034259259700775146
0 0.4468750059604645 0.20555555820465088 0.03750000149011612 0.031481482088565826
0 0.4880208373069763 0.20555555820465088 0.03541666641831398 0.031481482088565826
0 0.44739583134651184 0.24629630148410797 0.03437500074505806 0.03333333507180214
0 0.48645833134651184 0.2439814805984497 0.03541666641831398 0.032407406717538834
0 0.4684895873069763 0.2856481373310089 0.07656250149011612 0.03055555559694767
0 0.4739583432674408 0.2837963104248047 0.07083333283662796 0.032407406717538834
0 0.4489583373069763 0.32407405972480774 0.03541666641831398 0.029629629105329514
0 0.4898437559604645 0.32407405972480774 0.03697916492819786 0.029629629105329514
0 0.44739583134651184 0.3620370328426361 0.03541666641831398 0.029629629105329514
0 0.4450520873069763 0.40138888359069824 0.03697916492819786 0.03055555559694767
0 0.49166667461395264 0.3986110985279083 0.03750000149011612 0.03055555559694767
0 0.44973957538604736 0.43981480598449707 0.03697916492819786 0.03333333507180214
0 0.4906249940395355 0.43518519401550293 0.0416666679084301 0.029629629105329514
0 0.4505208432674408 0.47870370745658875 0.04062499850988388 0.031481482088565826
0 0.44869792461395264 0.5148147940635681 0.0390625 0.031481482088565826
0 0.49036458134651184 0.5143518447875977 0.03281249850988388 0.026851851493120193
0 0.4520833194255829 0.5527777671813965 0.03541666641831398 0.02777777798473835
0 0.4921875 0.5518518686294556 0.03958333283662796 0.031481482088565826
0 0.45260417461395264 0.5884259343147278 0.03958333283662796 0.03055555559694767
0 0.49401041865348816 0.5898148417472839 0.03177083283662796 0.025925925001502037
0 0.45260417461395264 0.6277777552604675 0.03854166716337204 0.029629629105329514
0 0.4971354305744171 0.6615740656852722 0.04010416567325592 0.032407406717538834
0 0.45520833134651184 0.6675925850868225 0.04062499850988388 0.035185184329748154
0 0.45130208134651184 0.707870364189148 0.03697916492819786 0.028703704476356506
0 0.4919270873069763 0.7055555582046509 0.03697916492819786 0.03333333507180214
0 0.4544270932674408 0.7467592358589172 0.03593749925494194 0.03055555559694767
0 0.49166667461395264 0.7782407402992249 0.03437500074505806 0.034259259700775146
0 0.4494791626930237 0.7842592597007751 0.03750000149011612 0.03333333507180214
0 0.4541666805744171 0.8222222328186035 0.03958333283662796 0.03333333507180214
0 0.49791666865348816 0.8166666626930237 0.03958333283662796 0.03333333507180214
0 0.45234376192092896 0.862500011920929 0.04322916641831398 0.03611111268401146
0 0.49296873807907104 0.8578703999519348 0.03593749925494194 0.032407406717538834
0 0.4541666805744171 0.9013888835906982 0.03541666641831398 0.03055555559694767
0 0.4505208432674408 0.9379629492759705 0.03541666641831398 0.03333333507180214
0 0.49166667461395264 0.9351851940155029 0.0364583320915699 0.031481482088565826
0 0.4518229067325592 0.9763888716697693 0.04322916641831398 0.032407406717538834
0 0.4919270873069763 0.9736111164093018 0.03281249850988388 0.03055555559694767
0 0.565625011920929 0.013888888992369175 0.03229166567325592 0.02777777798473835
0 0.6044270992279053 0.014351852238178253 0.03802083432674408 0.028703704476356506
0 0.5697916746139526 0.0486111119389534 0.03437500074505806 0.032407406717538834
0 0.6059895753860474 0.049074072390794754 0.03281249850988388 0.031481482088565826
0 0.5697916746139526 0.08611111342906952 0.03854166716337204 0.03333333507180214
0 0.6078125238418579 0.08564814925193787 0.03437500074505806 0.034259259700775146
0 0.5619791746139526 0.12824073433876038 0.04583333432674408 0.037962961941957474
0 0.606249988079071 0.12314815074205399 0.03750000149011612 0.03333333507180214
0 0.6494791507720947 0.11712963134050369 0.01770833320915699 0.0694444477558136
0 0.6070312261581421 0.16111111640930176 0.03281249850988388 0.031481482088565826
0 0.6052083373069763 0.19953703880310059 0.03854166716337204 0.032407406717538834
0 0.56640625 0.20462962985038757 0.0338541679084301 0.029629629105329514
0 0.608593761920929 0.24351851642131805 0.04218750074505806 0.031481482088565826
0 0.5723958611488342 0.28518518805503845 0.03437500074505806 0.031481482088565826
0 0.6098958253860474 0.3194444477558136 0.0364583320915699 0.03333333507180214
0 0.5703125 0.3203703761100769 0.0416666679084301 0.031481482088565826
0 0.629687488079071 0.3583333194255829 0.03958333283662796 0.03333333507180214
0 0.5716145634651184 0.3986110985279083 0.04218750074505806 0.034259259700775146
0 0.6111978888511658 0.39629629254341125 0.0338541679084301 0.02777777798473835
0 0.6106770634651184 0.43287035822868347 0.0390625 0.028703704476356506
0 0.6083333492279053 0.47546297311782837 0.04062499850988388 0.032407406717538834
0 0.614062488079071 0.5148147940635681 0.0364583320915699 0.031481482088565826
0 0.5729166865348816 0.5157407522201538 0.03333333507180214 0.02777777798473835
0 0.5726562738418579 0.5537037253379822 0.03802083432674408 0.029629629105329514
0 0.573437511920929 0.5861111283302307 0.03437500074505806 0.031481482088565826
0 0.612500011920929 0.5861111283302307 0.03750000149011612 0.031481482088565826
0 0.5703125 0.6606481671333313 0.03333333507180214 0.03055555559694767
0 0.6114583611488342 0.6611111164093018 0.04062499850988388 0.031481482088565826
0 0.6041666865348816 0.7333333492279053 0.04270833358168602 0.03333333507180214
0 0.6052083373069763 0.772685170173645 0.03750000149011612 0.03055555559694767
0 0.606249988079071 0.8166666626930237 0.03750000149011612 0.031481482088565826
0 0.5713541507720947 0.8564814925193787 0.03750000149011612 0.035185184329748154
0 0.6106770634651184 0.8925926089286804 0.03802083432674408 0.031481482088565826
0 0.5700520873069763 0.8949074149131775 0.03489583358168602 0.03055555559694767
0 0.5726562738418579 0.9310185313224792 0.03802083432674408 0.03055555559694767
0 0.612500011920929 0.9365741014480591 0.03541666641831398 0.034259259700775146
0 0.5690104365348816 0.9712963104248047 0.03802083432674408 0.03333333507180214
0 0.608593761920929 0.9740740656852722 0.02968749962747097 0.029629629105329514
0 0.6924479007720947 0.013425925746560097 0.03697916492819786 0.026851851493120193
0 0.731249988079071 0.011111111380159855 0.04062499850988388 0.02222222276031971
0 0.6893228888511658 0.04953703656792641 0.0390625 0.03611111268401146
0 0.7322916388511658 0.04675925895571709 0.0364583320915699 0.034259259700775146
0 0.6927083134651184 0.08703703433275223 0.0416666679084301 0.03333333507180214
0 0.7395833134651184 0.08749999850988388 0.04479166492819786 0.03611111268401146
0 0.73046875 0.1259259283542633 0.04010416567325592 0.03333333507180214
0 0.731249988079071 0.16249999403953552 0.03854166716337204 0.034259259700775146
0 0.7307291626930237 0.19953703880310059 0.03750000149011612 0.034259259700775146
0 0.692187488079071 0.23749999701976776 0.03750000149011612 0.032407406717538834
0 0.7341145873069763 0.23842592537403107 0.0390625 0.032407406717538834
0 0.690625011920929 0.2750000059604645 0.03958333283662796 0.03333333507180214
0 0.7354166507720947 0.2768518626689911 0.04270833358168602 0.03333333507180214
0 0.7294270992279053 0.317592591047287 0.04010416567325592 0.03333333507180214
0 0.686718761920929 0.35462963581085205 0.04010416567325592 0.03333333507180214
0 0.7276041507720947 0.35462963581085205 0.03437500074505806 0.031481482088565826
0 0.69140625 0.43101853132247925 0.03593749925494194 0.028703704476356506
0 0.7320312261581421 0.4305555522441864 0.03697916492819786 0.031481482088565826
0 0.6924479007720947 0.510185182094574 0.04010416567325592 0.031481482088565826
0 0.6927083134651184 0.5462962985038757 0.03437500074505806 0.02777777798473835
0 0.7328125238418579 0.5495370626449585 0.03437500074505806 0.034259259700775146
0 0.73046875 0.5837963223457336 0.03802083432674408 0.03055555559694767
0 0.6942708492279053 0.6217592358589172 0.0416666679084301 0.032407406717538834
0 0.6942708492279053 0.6597222089767456 0.03750000149011612 0.03055555559694767
0 0.734375 0.697685182094574 0.0416666679084301 0.037962961941957474
0 0.7361978888511658 0.7384259104728699 0.04114583507180214 0.034259259700775146
0 0.694531261920929 0.7407407164573669 0.03802083432674408 0.035185184329748154
0 0.6929687261581421 0.7777777910232544 0.03802083432674408 0.031481482088565826
0 0.7346354126930237 0.8111110925674438 0.04218750074505806 0.035185184329748154
0 0.6958333253860474 0.8504629731178284 0.04062499850988388 0.034259259700775146
0 0.6981770992279053 0.8972222208976746 0.04114583507180214 0.03333333507180214
0 0.7338541746139526 0.9263888597488403 0.03854166716337204 0.03611111268401146
0 0.735156238079071 0.9675925970077515 0.04010416567325592 0.035185184329748154
0 0.815625011920929 0.04120370373129845 0.04270833358168602 0.034259259700775146
0 0.8192708492279053 0.08009259402751923 0.03854166716337204 0.034259259700775146
0 0.8145833611488342 0.20000000298023224 0.02395833283662796 0.06111111119389534
0 0.862500011920929 0.23796296119689941 0.02187499962747097 0.06296296417713165
0 0.8125 0.5935184955596924 0.0416666679084301 0.035185184329748154
0 0.8153645992279053 0.6347222328186035 0.03593749925494194 0.034259259700775146
0 0.8177083134651184 0.6736111044883728 0.03958333283662796 0.032407406717538834
0 0.8661458492279053 0.7032407522201538 0.01979166641831398 0.06018518656492233
0 0.8955729007720947 0.7555555701255798 0.02135416679084301 0.06851851940155029
0 0.8166666626930237 0.7851851582527161 0.0364583320915699 0.03703703731298447
0 0.8184896111488342 0.8259259462356567 0.03593749925494194 0.031481482088565826
0 0.8200520873069763 0.8652777671813965 0.04322916641831398 0.037962961941957474
0 0.9221354126930237 0.49537035822868347 0.04114583507180214 0.03333333507180214
0 0.93359375 0.5375000238418579 0.0546875 0.034259259700775146
0 0.9346354007720947 0.5768518447875977 0.04114583507180214 0.031481482088565826
0 0.9291666746139526 0.6203703880310059 0.0364583320915699 0.031481482088565826
0 0.9341145753860474 0.6606481671333313 0.03593749925494194 0.03055555559694767
0 0.9302083253860474 0.7013888955116272 0.03854166716337204 0.032407406717538834
0 0.936718761920929 0.7435185313224792 0.05885416641831398 0.03888889029622078
0 0.9377604126930237 0.7879629731178284 0.05677083507180214 0.03888889029622078
0 0.8989583253860474 0.8472222089767456 0.02187499962747097 0.06851851940155029
0 0.8208333253860474 0.9782407283782959 0.04374999925494194 0.0416666679084301
0 0.008854166604578495 0.5504629611968994 0.01770833320915699 0.03055555559694767
0 0.008854166604578495 0.5148147940635681 0.01770833320915699 0.029629629105329514
0 0.01015624962747097 0.4740740656852722 0.02031249925494194 0.029629629105329514
0 0.00937500037252903 0.43611112236976624 0.01875000074505806 0.029629629105329514
0 0.008593750186264515 0.40231481194496155 0.01718750037252903 0.028703704476356506
0 0.01145833358168602 0.364814817905426 0.02291666716337204 0.03333333507180214
0 0.008593750186264515 0.3305555582046509 0.01718750037252903 0.031481482088565826
0 0.01197916641831398 0.28796297311782837 0.02395833283662796 0.035185184329748154
0 0.00963541679084301 0.24861110746860504 0.01927083358168602 0.034259259700775146
0 0.008593750186264515 0.21111111342906952 0.01718750037252903 0.031481482088565826
0 0.004687500186264515 0.1726851910352707 0.00937500037252903 0.028703704476356506
0 0.007552083116024733 0.13657407462596893 0.015104166232049465 0.032407406717538834
0 0.008593750186264515 0.10000000149011612 0.01718750037252903 0.03333333507180214
0 0.009114583022892475 0.06157407537102699 0.01822916604578495 0.032407406717538834
0 0.11822916567325592 0.7328703999519348 0.04895833507180214 0.037962961941957474
0 0.11927083134651184 0.7782407402992249 0.03541666641831398 0.03055555559694767
0 0.11874999850988388 0.8175926208496094 0.03750000149011612 0.03333333507180214
0 0.11744792014360428 0.8564814925193787 0.04739583283662796 0.03703703731298447
0 0.1223958358168602 0.8930555582046509 0.03437500074505806 0.032407406717538834
0 0.12161458283662796 0.9319444298744202 0.03593749925494194 0.03055555559694767
