0 0.30520832538604736 0.06574074178934097 0.02187499962747097 0.035185184329748154
0 0.33515626192092896 0.06574074178934097 0.01927083358168602 0.03333333507180214
0 0.3661458194255829 0.07175926119089127 0.02395833283662796 0.03611111268401146
0 0.15234375 0.05601852014660835 0.02760416641831398 0.03055555559694767
0 0.24947915971279144 0.125 0.02083333395421505 0.03703703731298447
0 0.30026042461395264 0.13148148357868195 0.01927083358168602 0.035185184329748154
0 0.4424479305744171 0.13935184478759766 0.02552083320915699 0.0416666679084301
0 0.4736979305744171 0.1319444477558136 0.01406249962747097 0.043518517166376114
0 0.5049479007720947 0.12962962687015533 0.010937499813735485 0.04259259253740311
0 0.49609375 0.06527777761220932 0.013020833022892475 0.034259259700775146
0 0.5145833492279053 0.05601852014660835 0.01666666753590107 0.04722222313284874
0 0.7250000238418579 0.02083333395421505 0.02604166604578495 0.0416666679084301
0 0.7924479246139526 0.049074072390794754 0.03281249850988388 0.02777777798473835
0 0.803906261920929 0.08472222089767456 0.02760416641831398 0.043518517166376114
0 0.8684895634651184 0.07777778059244156 0.02656250074505806 0.031481482088565826
0 0.706250011920929 0.10185185074806213 0.02395833283662796 0.04259259253740311
0 0.9020833373069763 0.1467592567205429 0.03854166716337204 0.028703704476356506
0 0.714062511920929 0.1814814805984497 0.04062499850988388 0.035185184329748154
0 0.9403645992279053 0.20694445073604584 0.0338541679084301 0.043518517166376114
0 0.4075520932674408 0.19907407462596893 0.03281249850988388 0.035185184329748154
0 0.05078125 0.24583333730697632 0.02968749962747097 0.04722222313284874
0 0.0885416641831398 0.2481481432914734 0.03020833246409893 0.05000000074505806
0 0.17812499403953552 0.26759257912635803 0.02916666679084301 0.04259259253740311
0 0.23541666567325592 0.26944443583488464 0.02916666679084301 0.03888889029622078
0 0.2692708373069763 0.2828703820705414 0.02291666716337204 0.0416666679084301
0 0.2906250059604645 0.28101852536201477 0.02500000037252903 0.049074072390794754
0 0.24609375 0.31111112236976624 0.0598958320915699 0.05000000074505806
0 0.34427082538604736 0.28333333134651184 0.03125 0.06666667014360428
0 0.36927083134651184 0.28842592239379883 0.02291666716337204 0.05833333358168602
0 0.3994791805744171 0.28009259700775146 0.01979166641831398 0.04722222313284874
0 0.4398437440395355 0.2856481373310089 0.01822916604578495 0.04722222313284874
0 0.46822917461395264 0.33009257912635803 0.03854166716337204 0.03981481492519379
0 0.5174478888511658 0.2750000059604645 0.01927083358168602 0.05000000074505806
0 0.59765625 0.2597222328186035 0.01927083358168602 0.049074072390794754
0 0.6158854365348816 0.25833332538604736 0.02031249925494194 0.035185184329748154
0 0.6927083134651184 0.24629630148410797 0.02604166604578495 0.05740740895271301
0 0.7294270992279053 0.23888888955116272 0.02552083320915699 0.05370370298624039
0 0.7481771111488342 0.23657406866550446 0.0234375 0.04722222313284874
0 0.7708333134651184 0.22962963581085205 0.02500000037252903 0.05000000074505806
0 0.7901041507720947 0.2273148149251938 0.02500000037252903 0.04537037014961243
0 0.6781250238418579 0.29629629850387573 0.03854166716337204 0.03333333507180214
0 0.8617187738418579 0.21574074029922485 0.02864583395421505 0.04814814776182175
0 0.8830729126930237 0.21296297013759613 0.02552083320915699 0.04259259253740311
0 0.9778645634651184 0.19814814627170563 0.03072916716337204 0.040740739554166794
0 0.9046875238418579 0.3203703761100769 0.0364583320915699 0.05370370298624039
0 0.9291666746139526 0.30092594027519226 0.02916666679084301 0.04259259253740311
0 0.9296875 0.38842591643333435 0.03020833246409893 0.05277777835726738
0 0.953125 0.3791666626930237 0.03125 0.05092592537403107
0 0.6966145634651184 0.35462963581085205 0.02135416679084301 0.04444444552063942
0 0.73828125 0.3481481373310089 0.0234375 0.04444444552063942
0 0.8244791626930237 0.33009257912635803 0.03125 0.049074072390794754
0 0.8442708253860474 0.39722222089767456 0.02187499962747097 0.05000000074505806
0 0.8020833134651184 0.40648147463798523 0.02916666679084301 0.06111111119389534
0 0.789843738079071 0.41296297311782837 0.04843749850988388 0.05000000074505806
0 0.737500011920929 0.41203704476356506 0.03020833246409893 0.04444444552063942
0 0.715624988079071 0.4157407283782959 0.02604166604578495 0.05000000074505806
0 0.692187488079071 0.42407408356666565 0.02708333358168602 0.05370370298624039
0 0.671875 0.4277777671813965 0.02395833283662796 0.046296294778585434
0 0.6502603888511658 0.4337962865829468 0.02447916753590107 0.05833333358168602
0 0.6276041865348816 0.4375 0.02395833283662796 0.05833333358168602
0 0.6036458611488342 0.4407407343387604 0.02187499962747097 0.05370370298624039
0 0.581250011920929 0.43981480598449707 0.02187499962747097 0.06111111119389534
0 0.5598958134651184 0.4486111104488373 0.01979166641831398 0.05277777835726738
0 0.5354166626930237 0.44999998807907104 0.01979166641831398 0.05370370298624039
0 0.5270833373069763 0.3791666626930237 0.02083333395421505 0.06203703582286835
0 0.5471354126930237 0.3740740716457367 0.02239583246409893 0.0555555559694767
0 0.5684896111488342 0.3689814805984497 0.01718750037252903 0.05092592537403107
0 0.5981770753860474 0.3708333373069763 0.01927083358168602 0.05092592537403107
0 0.6135416626930237 0.36851853132247925 0.01979166641831398 0.046296294778585434
0 0.651562511920929 0.364814817905426 0.014583333395421505 0.04444444552063942
0 0.3153645694255829 0.40231481194496155 0.02135416679084301 0.04537037014961243
0 0.30286458134651184 0.47870370745658875 0.02760416641831398 0.06111111119389534
0 0.3994791805744171 0.45694443583488464 0.02083333395421505 0.09166666865348816
0 0.44869792461395264 0.46296295523643494 0.02135416679084301 0.0555555559694767
0 0.4723958373069763 0.45879629254341125 0.01875000074505806 0.05833333358168602
0 0.49661457538604736 0.4634259343147278 0.01927083358168602 0.05277777835726738
0 0.7479166388511658 0.4722222089767456 0.03958333283662796 0.05000000074505806
0 0.6677083373069763 0.49953705072402954 0.04479166492819786 0.03611111268401146
0 0.526562511920929 0.5347222089767456 0.03854166716337204 0.03611111268401146
0 0.5942708253860474 0.5199074149131775 0.0364583320915699 0.034259259700775146
0 0.9375 0.49537035822868347 0.04791666567325592 0.10185185074806213
0 0.9802083373069763 0.512499988079071 0.03854166716337204 0.08611111342906952
0 0.38619792461395264 0.5416666865348816 0.04322916641831398 0.05370370298624039
0 0.4429687559604645 0.5902777910232544 0.02552083320915699 0.05648148059844971
0 0.4802083373069763 0.5990740656852722 0.02500000037252903 0.05925925821065903
0 0.3489583432674408 0.6069444417953491 0.02500000037252903 0.0694444477558136
0 0.37578123807907104 0.6060185432434082 0.0234375 0.0694444477558136
0 0.4059895873069763 0.6069444417953491 0.02135416679084301 0.06203703582286835
0 0.5080729126930237 0.5967592597007751 0.01927083358168602 0.06388889253139496
0 0.3187499940395355 0.6777777671813965 0.02500000037252903 0.07592592388391495
0 0.34713542461395264 0.6851851940155029 0.0234375 0.07962962985038757
0 0.3723958432674408 0.6870370507240295 0.02291666716337204 0.06666667014360428
0 0.40286457538604736 0.7004629373550415 0.02135416679084301 0.06759259104728699
0 0.4557291567325592 0.6731481552124023 0.01875000074505806 0.06296296417713165
0 0.48385417461395264 0.667129635810852 0.02291666716337204 0.05833333358168602
0 0.51171875 0.6662036776542664 0.0234375 0.06574074178934097
0 0.5601562261581421 0.6620370149612427 0.02135416679084301 0.06851851940155029
0 0.5874999761581421 0.6537036895751953 0.02604166604578495 0.06481481343507767
0 0.6135416626930237 0.6527777910232544 0.02500000037252903 0.06851851940155029
0 0.6372395753860474 0.6486111283302307 0.02760416641831398 0.07129629701375961
0 0.6627604365348816 0.6513888835906982 0.02552083320915699 0.06759259104728699
0 0.6903645992279053 0.6425926089286804 0.03177083283662796 0.07222222536802292
0 0.7164062261581421 0.6398147940635681 0.03281249850988388 0.07592592388391495
0 0.55078125 0.5884259343147278 0.02656250074505806 0.06759259104728699
0 0.5776041746139526 0.5888888835906982 0.02291666716337204 0.06666667014360428
0 0.6036458611488342 0.585185170173645 0.02291666716337204 0.06111111119389534
0 0.6273437738418579 0.5754629373550415 0.02552083320915699 0.06759259104728699
0 0.6536458134651184 0.5763888955116272 0.02604166604578495 0.06759259104728699
0 0.675000011920929 0.5699074268341064 0.02500000037252903 0.05462963134050369
0 0.69921875 0.5625 0.03072916716337204 0.06018518656492233
0 0.7229166626930237 0.5574073791503906 0.02291666716337204 0.0555555559694767
0 0.7466145753860474 0.5541666746139526 0.02968749962747097 0.07129629701375961
0 0.7903645634651184 0.6166666746139526 0.02968749962747097 0.06111111119389534
0 0.7437499761581421 0.6347222328186035 0.03541666641831398 0.06388889253139496
0 0.7666666507720947 0.6259258985519409 0.03020833246409893 0.0555555559694767
0 0.817187488079071 0.6157407164573669 0.03125 0.07592592388391495
0 0.84375 0.6097221970558167 0.03437500074505806 0.07500000298023224
0 0.8687499761581421 0.6120370626449585 0.03020833246409893 0.06666667014360428
0 0.8903645873069763 0.5967592597007751 0.0390625 0.08425925672054291
0 0.91796875 0.5944444537162781 0.04218750074505806 0.07962962985038757
0 0.7973958253860474 0.5462962985038757 0.02812499925494194 0.05925925821065903
0 0.8216145634651184 0.5435185432434082 0.03177083283662796 0.06481481343507767
0 0.84765625 0.5453703999519348 0.03281249850988388 0.06851851940155029
0 0.8692708611488342 0.5402777791023254 0.02812499925494194 0.06203703582286835
0 0.895312488079071 0.5263888835906982 0.03333333507180214 0.05648148059844971
0 0.7984374761581421 0.7527777552604675 0.0625 0.051851850003004074
0 0.5971354246139526 0.8662037253379822 0.02864583395421505 0.08796296268701553
0 0.6427083611488342 0.854629635810852 0.03229166567325592 0.08888889104127884
0 0.6932291388511658 0.855555534362793 0.03020833246409893 0.05740740895271301
0 0.7333333492279053 0.8388888835906982 0.03854166716337204 0.06851851940155029
0 0.8528645634651184 0.8199074268341064 0.03802083432674408 0.08425925672054291
0 0.8940104246139526 0.8143518567085266 0.04322916641831398 0.0824074074625969
0 0.9401041865348816 0.8046296238899231 0.04479166492819786 0.08518518507480621
0 0.9783853888511658 0.7962962985038757 0.04218750074505806 0.0833333358168602
0 0.5278645753860474 0.8791666626930237 0.02552083320915699 0.08796296268701553
0 0.390625 0.8958333134651184 0.02187499962747097 0.0694444477558136
0 0.34973958134651184 0.887499988079071 0.02864583395421505 0.09351851791143417
0 0.30390626192092896 0.9018518328666687 0.02864583395421505 0.08518518507480621
0 0.2567708194255829 0.8962963223457336 0.03125 0.09444444626569748
0 0.21432290971279144 0.9009259343147278 0.02968749962747097 0.08148147910833359
0 0.18255208432674408 0.8620370626449585 0.05156249925494194 0.11851851642131805
0 0.1497395783662796 0.8662037253379822 0.03697916492819786 0.08796296268701553
0 0.11614583432674408 0.8662037253379822 0.03958333283662796 0.07685185223817825
0 0.08984375 0.8592592477798462 0.03593749925494194 0.06851851940155029
0 0.07656250149011612 0.8245370388031006 0.03541666641831398 0.08055555820465088
0 0.03463541716337204 0.8402777910232544 0.04739583283662796 0.0972222238779068
0 0.01380208320915699 0.8430555462837219 0.02760416641831398 0.09351851791143417
0 0.03619791567325592 0.512499988079071 0.03489583358168602 0.05277777835726738
0 0.0625 0.5782407522201538 0.03750000149011612 0.06759259104728699
0 0.10651041567325592 0.582870364189148 0.03072916716337204 0.0694444477558136
0 0.12890625 0.5902777910232544 0.03802083432674408 0.08055555820465088
0 0.17239584028720856 0.6000000238418579 0.03333333507180214 0.07037036865949631
0 0.19765624403953552 0.602314829826355 0.03489583358168602 0.06759259104728699
0 0.22213540971279144 0.6050925850868225 0.0338541679084301 0.06759259104728699
0 0.17343750596046448 0.6819444298744202 0.03854166716337204 0.0694444477558136
0 0.20260415971279144 0.6796296238899231 0.0364583320915699 0.07777778059244156
0 0.0533854179084301 0.6601851582527161 0.04114583507180214 0.07037036865949631
0 0.07760416716337204 0.6611111164093018 0.03750000149011612 0.06666667014360428
0 0.10312499850988388 0.6666666865348816 0.0364583320915699 0.06481481343507767
0 0.12890625 0.6717592477798462 0.03697916492819786 0.06203703582286835
0 0.01744791679084301 0.6333333253860474 0.03489583358168602 0.07037036865949631
0 0.1940104216337204 0.4347222149372101 0.0234375 0.05648148059844971
0 0.16015625 0.39120370149612427 0.02760416641831398 0.07314814627170563
0 0.12994791567325592 0.40648147463798523 0.02968749962747097 0.13703703880310059
0 0.01588541641831398 0.36157408356666565 0.02656250074505806 0.06388889253139496
0 0.9815104007720947 0.3013888895511627 0.03177083283662796 0.043518517166376114
0 0.42916667461395264 0.6819444298744202 0.02187499962747097 0.08611111342906952
