0 0.05234374850988388 0.019907407462596893 0.01614583283662796 0.03981481492519379
0 0.3265624940395355 0.01944444514811039 0.01354166679084301 0.03888889029622078
0 0.34843748807907104 0.02222222276031971 0.01354166679084301 0.04444444552063942
0 0.3695312440395355 0.021759258583188057 0.015104166232049465 0.043518517166376114
0 0.38593751192092896 0.07500000298023224 0.03229166567325592 0.029629629105329514
0 0.5635416507720947 0.02361111156642437 0.01354166679084301 0.04722222313284874
0 0.5843750238418579 0.022685185074806213 0.01354166679084301 0.04537037014961243
0 0.6072916388511658 0.021759258583188057 0.014583333395421505 0.043518517166376114
0 0.6309896111488342 0.021296296268701553 0.013020833022892475 0.04259259253740311
0 0.6539062261581421 0.02500000037252903 0.01406249962747097 0.05000000074505806
0 0.6802083253860474 0.024074073880910873 0.01770833320915699 0.04814814776182175
0 0.7289062738418579 0.019907407462596893 0.01718750037252903 0.03981481492519379
0 0.8026041388511658 0.01944444514811039 0.015625 0.03888889029622078
0 0.8520833253860474 0.02083333395421505 0.01666666753590107 0.0416666679084301
0 0.9242187738418579 0.02083333395421505 0.01927083358168602 0.0416666679084301
0 0.7403646111488342 0.07453703880310059 0.02864583395421505 0.03055555559694767
0 0.010677083395421505 0.1388888955116272 0.01718750037252903 0.051851850003004074
0 0.03151041641831398 0.13750000298023224 0.01614583283662796 0.05092592537403107
0 0.05677083507180214 0.1398148089647293 0.01666666753590107 0.051851850003004074
0 0.07864583283662796 0.13472221791744232 0.01666666753590107 0.05092592537403107
0 0.12343750149011612 0.1379629671573639 0.015625 0.051851850003004074
0 0.14791665971279144 0.14166666567325592 0.014583333395421505 0.05000000074505806
0 0.17083333432674408 0.14212962985038757 0.01770833320915699 0.05277777835726738
0 0.19348958134651184 0.14120370149612427 0.01406249962747097 0.04722222313284874
0 0.23906250298023224 0.14537036418914795 0.01354166679084301 0.04814814776182175
0 0.25963541865348816 0.1458333283662796 0.01406249962747097 0.04722222313284874
0 0.28177082538604736 0.14027777314186096 0.01354166679084301 0.05462963134050369
0 0.3059895932674408 0.14444445073604584 0.015104166232049465 0.04814814776182175
0 0.3257812559604645 0.14074073731899261 0.01406249962747097 0.05925925821065903
0 0.3486979305744171 0.14537036418914795 0.01406249962747097 0.051851850003004074
0 0.37057292461395264 0.1467592567205429 0.013020833022892475 0.05462963134050369
0 0.41744792461395264 0.14351852238178253 0.01406249962747097 0.05000000074505806
0 0.4429687559604645 0.14074073731899261 0.013020833022892475 0.05740740895271301
0 0.5609375238418579 0.19629628956317902 0.012500000186264515 0.051851850003004074
0 0.5802083611488342 0.2004629671573639 0.014583333395421505 0.05092592537403107
0 0.5981770753860474 0.19907407462596893 0.01406249962747097 0.0555555559694767
0 0.6190103888511658 0.20185184478759766 0.015104166232049465 0.0555555559694767
0 0.6393229365348816 0.19953703880310059 0.01614583283662796 0.05648148059844971
0 0.6591145992279053 0.19675925374031067 0.01197916641831398 0.05092592537403107
0 0.676562488079071 0.1953703761100769 0.01354166679084301 0.046296294778585434
0 0.6963541507720947 0.18611110746860504 0.01354166679084301 0.05370370298624039
0 0.7164062261581421 0.19953703880310059 0.01614583283662796 0.06018518656492233
0 0.7361978888511658 0.20185184478759766 0.01614583283662796 0.05925925821065903
0 0.7552083134651184 0.1953703761100769 0.014583333395421505 0.0555555559694767
0 0.774218738079071 0.19768518209457397 0.015104166232049465 0.05462963134050369
0 0.793749988079071 0.19722221791744232 0.014583333395421505 0.06296296417713165
0 0.8135416507720947 0.19629628956317902 0.01354166679084301 0.0555555559694767
0 0.8335937261581421 0.19814814627170563 0.015104166232049465 0.05370370298624039
0 0.8541666865348816 0.19953703880310059 0.015625 0.05462963134050369
0 0.8692708611488342 0.19305555522441864 0.014583333395421505 0.043518517166376114
0 0.8854166865348816 0.19768518209457397 0.01666666753590107 0.05648148059844971
0 0.9481770992279053 0.19768518209457397 0.01718750037252903 0.06203703582286835
0 0.00807291641831398 0.19583334028720856 0.01614583283662796 0.05092592537403107
0 0.02760416641831398 0.1944444477558136 0.015625 0.04444444552063942
0 0.04661458358168602 0.19861111044883728 0.01614583283662796 0.04722222313284874
0 0.06276042014360428 0.1953703761100769 0.015104166232049465 0.04814814776182175
0 0.08203125 0.19583334028720856 0.015104166232049465 0.05277777835726738
0 0.10182292014360428 0.19768518209457397 0.015104166232049465 0.05277777835726738
0 0.12135417014360428 0.19722221791744232 0.014583333395421505 0.05000000074505806
0 0.1393229216337204 0.19768518209457397 0.01614583283662796 0.049074072390794754
0 0.15911458432674408 0.19675925374031067 0.015104166232049465 0.05277777835726738
0 0.17890624701976776 0.20000000298023224 0.015104166232049465 0.05000000074505806
0 0.19869790971279144 0.19907407462596893 0.015104166232049465 0.04814814776182175
0 0.2174479216337204 0.20277777314186096 0.015104166232049465 0.051851850003004074
0 0.2356770783662796 0.2004629671573639 0.015104166232049465 0.05277777835726738
0 0.2554687559604645 0.19907407462596893 0.01406249962747097 0.05000000074505806
0 0.27552083134651184 0.20000000298023224 0.014583333395421505 0.04814814776182175
0 0.2932291626930237 0.2023148089647293 0.014583333395421505 0.05092592537403107
0 0.3096354305744171 0.19861111044883728 0.013020833022892475 0.04722222313284874
0 0.32994791865348816 0.2004629671573639 0.015104166232049465 0.05648148059844971
0 0.38854166865348816 0.19907407462596893 0.01354166679084301 0.046296294778585434
0 0.4059895873069763 0.20370370149612427 0.013020833022892475 0.04814814776182175
0 0.4244791567325592 0.20694445073604584 0.014583333395421505 0.05833333358168602
0 0.44348958134651184 0.20277777314186096 0.013020833022892475 0.0555555559694767
0 0.4622395932674408 0.19722221791744232 0.01406249962747097 0.05925925821065903
0 0.00989583320915699 0.31990739703178406 0.015625 0.04537037014961243
0 0.02682291716337204 0.3222222328186035 0.01614583283662796 0.04444444552063942
0 0.0559895820915699 0.3212963044643402 0.015104166232049465 0.05000000074505806
0 0.07213541865348816 0.3222222328186035 0.01614583283662796 0.051851850003004074
0 0.10130207985639572 0.3231481611728668 0.01406249962747097 0.05000000074505806
0 0.1171875 0.3222222328186035 0.01354166679084301 0.04814814776182175
0 0.13229165971279144 0.3212963044643402 0.014583333395421505 0.04444444552063942
0 0.14869791269302368 0.32499998807907104 0.01406249962747097 0.04444444552063942
0 0.16354165971279144 0.3263888955116272 0.01354166679084301 0.049074072390794754
0 0.17890624701976776 0.32685184478759766 0.01406249962747097 0.05000000074505806
0 0.1940104216337204 0.33009257912635803 0.013020833022892475 0.0416666679084301
0 0.22343750298023224 0.32777777314186096 0.012500000186264515 0.046296294778585434
0 0.23880209028720856 0.3236111104488373 0.013020833022892475 0.04722222313284874
0 0.2536458373069763 0.3263888955116272 0.01354166679084301 0.04537037014961243
0 0.26875001192092896 0.3245370388031006 0.012500000186264515 0.04537037014961243
0 0.28463542461395264 0.32777777314186096 0.01197916641831398 0.040740739554166794
0 0.2992187440395355 0.3245370388031006 0.01406249962747097 0.049074072390794754
0 0.3151041567325592 0.32407405972480774 0.01354166679084301 0.046296294778585434
0 0.32994791865348816 0.32499998807907104 0.01406249962747097 0.051851850003004074
0 0.35989582538604736 0.3222222328186035 0.014583333395421505 0.05370370298624039
0 0.390625 0.3263888955116272 0.01354166679084301 0.049074072390794754
0 0.40442708134651184 0.3273148238658905 0.01197916641831398 0.04722222313284874
0 0.4195312559604645 0.33009257912635803 0.01197916641831398 0.05462963134050369
0 0.43411457538604736 0.3282407522201538 0.013020833022892475 0.05277777835726738
0 0.45130208134651184 0.32685184478759766 0.01406249962747097 0.05000000074505806
0 0.04114583507180214 0.375 0.014583333395421505 0.04259259253740311
0 0.0572916679084301 0.37638887763023376 0.014583333395421505 0.05092592537403107
0 0.07187499850988388 0.3787037134170532 0.014583333395421505 0.051851850003004074
0 0.08697916567325592 0.38055557012557983 0.015625 0.04444444552063942
0 0.10338541865348816 0.3810185194015503 0.01614583283662796 0.0416666679084301
0 0.13307291269302368 0.37962964177131653 0.01614583283662796 0.05370370298624039
0 0.1796875 0.38333332538604736 0.014583333395421505 0.051851850003004074
0 0.20911458134651184 0.38148146867752075 0.01406249962747097 0.0555555559694767
0 0.22369791567325592 0.38055557012557983 0.013020833022892475 0.04814814776182175
0 0.23854166269302368 0.380092591047287 0.01354166679084301 0.04537037014961243
0 0.25390625 0.37962964177131653 0.013020833022892475 0.046296294778585434
0 0.2684895694255829 0.3837963044643402 0.01406249962747097 0.049074072390794754
0 0.2848958373069763 0.38148146867752075 0.01354166679084301 0.05370370298624039
0 0.3005208373069763 0.37638887763023376 0.01354166679084301 0.049074072390794754
0 0.3296875059604645 0.3782407343387604 0.01354166679084301 0.05277777835726738
0 0.3440104126930237 0.38055557012557983 0.013020833022892475 0.051851850003004074
0 0.35989582538604736 0.3819444477558136 0.01354166679084301 0.04722222313284874
0 0.37447917461395264 0.3791666626930237 0.01354166679084301 0.04722222313284874
0 0.3903645873069763 0.3777777850627899 0.01406249962747097 0.05000000074505806
0 0.41979166865348816 0.3791666626930237 0.01145833358168602 0.04537037014961243
0 0.4351562559604645 0.3847222328186035 0.01406249962747097 0.05462963134050369
0 0.4505208432674408 0.38148146867752075 0.012500000186264515 0.05000000074505806
0 0.46666666865348816 0.38055557012557983 0.01354166679084301 0.05370370298624039
0 0.559374988079071 0.3245370388031006 0.014583333395421505 0.05462963134050369
0 0.589062511920929 0.32685184478759766 0.014583333395421505 0.05925925821065903
0 0.6197916865348816 0.32870370149612427 0.012500000186264515 0.046296294778585434
0 0.6361979246139526 0.3305555582046509 0.013020833022892475 0.03703703731298447
0 0.664843738079071 0.3296296298503876 0.01406249962747097 0.04814814776182175
0 0.680468738079071 0.3291666805744171 0.013020833022892475 0.05277777835726738
0 0.6971353888511658 0.32870370149612427 0.013020833022892475 0.0555555559694767
0 0.7111979126930237 0.3263888955116272 0.013020833022892475 0.05092592537403107
0 0.727343738079071 0.32870370149612427 0.015104166232049465 0.05370370298624039
0 0.7580729126930237 0.3263888955116272 0.01406249962747097 0.05092592537403107
0 0.774218738079071 0.3254629671573639 0.01718750037252903 0.05833333358168602
0 0.8052083253860474 0.3291666805744171 0.014583333395421505 0.05277777835726738
0 0.821093738079071 0.3212963044643402 0.015104166232049465 0.06111111119389534
0 0.8374999761581421 0.32592591643333435 0.01666666753590107 0.05740740895271301
0 0.8716145753860474 0.3254629671573639 0.015104166232049465 0.05648148059844971
0 0.5570312738418579 0.380092591047287 0.013020833022892475 0.05092592537403107
0 0.5726562738418579 0.3810185194015503 0.013020833022892475 0.049074072390794754
0 0.5872395634651184 0.38055557012557983 0.01197916641831398 0.046296294778585434
0 0.6026041507720947 0.3856481611728668 0.012500000186264515 0.049074072390794754
0 0.6192708611488342 0.3837963044643402 0.01354166679084301 0.05648148059844971
0 0.6354166865348816 0.3837963044643402 0.01354166679084301 0.05462963134050369
0 0.6627604365348816 0.3847222328186035 0.01406249962747097 0.05462963134050369
0 0.6953125 0.385185182094574 0.01354166679084301 0.05370370298624039
0 0.7098958492279053 0.3777777850627899 0.01354166679084301 0.04444444552063942
0 0.7281249761581421 0.3828703761100769 0.01354166679084301 0.049074072390794754
0 0.7434895634651184 0.38148146867752075 0.015104166232049465 0.05000000074505806
0 0.7588541507720947 0.3810185194015503 0.01354166679084301 0.043518517166376114
0 0.7890625 0.380092591047287 0.015625 0.05462963134050369
0 0.8208333253860474 0.3828703761100769 0.014583333395421505 0.05648148059844971
0 0.8354166746139526 0.3837963044643402 0.014583333395421505 0.05462963134050369
0 0.8518229126930237 0.3861111104488373 0.015104166232049465 0.05925925821065903
0 0.8692708611488342 0.3837963044643402 0.01666666753590107 0.06018518656492233
0 0.01145833358168602 0.4416666626930237 0.02291666716337204 0.025925925001502037
0 0.7401041388511658 0.4495370388031006 0.02812499925494194 0.02500000037252903
0 0.0234375 0.4981481432914734 0.015625 0.04814814776182175
0 0.04010416567325592 0.49768519401550293 0.01354166679084301 0.04537037014961243
0 0.05546874925494194 0.5009258985519409 0.01406249962747097 0.04814814776182175
0 0.07213541865348816 0.5018518567085266 0.01406249962747097 0.04444444552063942
0 0.08828125149011612 0.4990740716457367 0.01614583283662796 0.04814814776182175
0 0.11770833283662796 0.5013889074325562 0.014583333395421505 0.049074072390794754
0 0.13489583134651184 0.5 0.014583333395421505 0.040740739554166794
0 0.16432291269302368 0.5009258985519409 0.01406249962747097 0.051851850003004074
0 0.19166666269302368 0.5032407641410828 0.01354166679084301 0.05462963134050369
0 0.20781250298023224 0.5018518567085266 0.014583333395421505 0.05370370298624039
0 0.2526041567325592 0.5046296119689941 0.01354166679084301 0.04814814776182175
0 0.26875001192092896 0.5041666626930237 0.01354166679084301 0.04537037014961243
0 0.29895833134651184 0.5083333253860474 0.012500000186264515 0.046296294778585434
0 0.31328123807907104 0.5046296119689941 0.01197916641831398 0.04444444552063942
0 0.34453123807907104 0.5018518567085266 0.01406249962747097 0.051851850003004074
0 0.35885417461395264 0.5083333253860474 0.012500000186264515 0.04259259253740311
0 0.375 0.5069444179534912 0.01354166679084301 0.049074072390794754
0 0.3903645873069763 0.5055555701255798 0.01197916641831398 0.040740739554166794
0 0.40442708134651184 0.5055555701255798 0.01197916641831398 0.04444444552063942
0 0.4192708432674408 0.5037037134170532 0.012500000186264515 0.04444444552063942
0 0.4346354305744171 0.5060185194015503 0.013020833022892475 0.05092592537403107
0 0.4502604305744171 0.5046296119689941 0.013020833022892475 0.04814814776182175
0 0.46692708134651184 0.5064814686775208 0.013020833022892475 0.04444444552063942
0 0.05807291716337204 0.5555555820465088 0.01614583283662796 0.04814814776182175
0 0.1041666641831398 0.5574073791503906 0.015625 0.05000000074505806
0 0.13359375298023224 0.5555555820465088 0.015104166232049465 0.051851850003004074
0 0.14869791269302368 0.5583333373069763 0.01406249962747097 0.04814814776182175
0 0.16380208730697632 0.5550925731658936 0.013020833022892475 0.04537037014961243
0 0.17916665971279144 0.5592592358589172 0.014583333395421505 0.04814814776182175
0 0.2096354216337204 0.5634258985519409 0.01406249962747097 0.05277777835726738
0 0.23854166269302368 0.5597222447395325 0.012500000186264515 0.04722222313284874
0 0.25338542461395264 0.5592592358589172 0.01406249962747097 0.04444444552063942
0 0.26953125 0.5652777552604675 0.01406249962747097 0.04722222313284874
0 0.2992187440395355 0.5652777552604675 0.01406249962747097 0.049074072390794754
0 0.3135416805744171 0.5578703880310059 0.012500000186264515 0.049074072390794754
0 0.34453123807907104 0.5583333373069763 0.01406249962747097 0.05000000074505806
0 0.36015623807907104 0.5606481432914734 0.013020833022892475 0.049074072390794754
0 0.3747395873069763 0.5634258985519409 0.01406249962747097 0.05092592537403107
0 0.40286457538604736 0.5643518567085266 0.013020833022892475 0.04722222313284874
0 0.4348958432674408 0.5671296119689941 0.012500000186264515 0.05092592537403107
0 0.4502604305744171 0.5587962865829468 0.013020833022892475 0.049074072390794754
0 0.5567708611488342 0.5009258985519409 0.012500000186264515 0.046296294778585434
0 0.5718749761581421 0.5041666626930237 0.012500000186264515 0.05277777835726738
0 0.5877603888511658 0.5050926208496094 0.01197916641831398 0.0416666679084301
0 0.6026041507720947 0.5032407641410828 0.012500000186264515 0.05092592537403107
0 0.617968738079071 0.5023148059844971 0.013020833022892475 0.04722222313284874
0 0.6333333253860474 0.5097222328186035 0.01145833358168602 0.043518517166376114
0 0.6479166746139526 0.5078703761100769 0.01354166679084301 0.04537037014961243
0 0.6638020873069763 0.5087962746620178 0.013020833022892475 0.05092592537403107
0 0.6796875 0.5055555701255798 0.01354166679084301 0.05000000074505806
0 0.6958333253860474 0.5050926208496094 0.01354166679084301 0.049074072390794754
0 0.710156261920929 0.5083333253860474 0.01197916641831398 0.04444444552063942
0 0.7260416746139526 0.5060185194015503 0.01354166679084301 0.04722222313284874
0 0.7572916746139526 0.5069444179534912 0.01666666753590107 0.05648148059844971
0 0.7723958492279053 0.5050926208496094 0.012500000186264515 0.04722222313284874
0 0.7875000238418579 0.5074074268341064 0.012500000186264515 0.0555555559694767
0 0.8044270873069763 0.5078703761100769 0.013020833022892475 0.049074072390794754
0 0.819531261920929 0.5111111402511597 0.013020833022892475 0.051851850003004074
0 0.8354166746139526 0.5087962746620178 0.014583333395421505 0.043518517166376114
0 0.8526041507720947 0.510185182094574 0.014583333395421505 0.04814814776182175
0 0.8776041865348816 0.5097222328186035 0.02916666679084301 0.05462963134050369
0 0.885937511920929 0.5097222328186035 0.014583333395421505 0.04722222313284874
0 0.5572916865348816 0.5583333373069763 0.01354166679084301 0.05000000074505806
0 0.5718749761581421 0.5592592358589172 0.01145833358168602 0.046296294778585434
0 0.5861979126930237 0.5574073791503906 0.01197916641831398 0.04814814776182175
0 0.6015625 0.5601851940155029 0.012500000186264515 0.046296294778585434
0 0.6169270873069763 0.5643518567085266 0.013020833022892475 0.05092592537403107
0 0.6497395634651184 0.5648148059844971 0.01406249962747097 0.051851850003004074
0 0.6645833253860474 0.5629629492759705 0.012500000186264515 0.05000000074505806
0 0.6791666746139526 0.5615741014480591 0.01354166679084301 0.05277777835726738
0 0.7083333134651184 0.5666666626930237 0.014583333395421505 0.051851850003004074
0 0.7252604365348816 0.5643518567085266 0.01406249962747097 0.05648148059844971
0 0.7403646111488342 0.5615741014480591 0.01197916641831398 0.05092592537403107
0 0.7559896111488342 0.5648148059844971 0.013020833022892475 0.0555555559694767
0 0.7723958492279053 0.5657407641410828 0.01354166679084301 0.05370370298624039
0 0.788281261920929 0.5666666626930237 0.01406249962747097 0.05370370298624039
0 0.8041666746139526 0.5638889074325562 0.01354166679084301 0.05000000074505806
0 0.8200520873069763 0.572685182094574 0.01614583283662796 0.05833333358168602
0 0.03567708283662796 0.6481481194496155 0.02968749962747097 0.040740739554166794
0 0.0872395858168602 0.7064814567565918 0.01406249962747097 0.046296294778585434
0 0.10208333283662796 0.7083333134651184 0.01666666753590107 0.04814814776182175
0 0.14635416865348816 0.7060185074806213 0.01354166679084301 0.043518517166376114
0 0.1940104216337204 0.7050926089286804 0.015104166232049465 0.05277777835726738
0 0.2239583283662796 0.7050926089286804 0.01354166679084301 0.05277777835726738
0 0.23802083730697632 0.7097222208976746 0.01354166679084301 0.04537037014961243
0 0.25338542461395264 0.7055555582046509 0.013020833022892475 0.05370370298624039
0 0.2682291567325592 0.7087963223457336 0.01354166679084301 0.05277777835726738
0 0.28333333134651184 0.7087963223457336 0.01354166679084301 0.05092592537403107
0 0.3148437440395355 0.7060185074806213 0.01406249962747097 0.05462963134050369
0 0.34296876192092896 0.7050926089286804 0.01406249962747097 0.05277777835726738
0 0.3583333194255829 0.7106481194496155 0.014583333395421505 0.05277777835726738
0 0.3747395873069763 0.7083333134651184 0.013020833022892475 0.04814814776182175
0 0.40312498807907104 0.7115740776062012 0.012500000186264515 0.04537037014961243
0 0.41848957538604736 0.7111111283302307 0.01197916641831398 0.04444444552063942
0 0.4338541626930237 0.7064814567565918 0.01354166679084301 0.051851850003004074
0 0.4489583373069763 0.7064814567565918 0.01354166679084301 0.05000000074505806
0 0.13255208730697632 0.7486110925674438 0.013020833022892475 0.043518517166376114
0 0.16249999403953552 0.7611111402511597 0.014583333395421505 0.05000000074505806
0 0.17760416865348816 0.7629629373550415 0.015625 0.051851850003004074
0 0.2682291567325592 0.7587962746620178 0.01354166679084301 0.04722222313284874
0 0.2992187440395355 0.7634259462356567 0.01406249962747097 0.05092592537403107
0 0.3140625059604645 0.7629629373550415 0.01354166679084301 0.04814814776182175
0 0.37421876192092896 0.7662037014961243 0.015104166232049465 0.05092592537403107
0 0.4036458432674408 0.7634259462356567 0.01354166679084301 0.05462963134050369
0 0.43307292461395264 0.7638888955116272 0.01406249962747097 0.05000000074505806
0 0.5565103888511658 0.7124999761581421 0.013020833022892475 0.049074072390794754
0 0.5721353888511658 0.7106481194496155 0.013020833022892475 0.05092592537403107
0 0.5874999761581421 0.7166666388511658 0.012500000186264515 0.04814814776182175
0 0.6028645634651184 0.7166666388511658 0.010937499813735485 0.04259259253740311
0 0.6174479126930237 0.7124999761581421 0.01197916641831398 0.049074072390794754
0 0.6333333253860474 0.7120370268821716 0.012500000186264515 0.05000000074505806
0 0.6468750238418579 0.7143518328666687 0.012500000186264515 0.043518517166376114
0 0.6643229126930237 0.7175925970077515 0.01406249962747097 0.04444444552063942
0 0.6796875 0.7152777910232544 0.01354166679084301 0.04537037014961243
0 0.6953125 0.7143518328666687 0.014583333395421505 0.049074072390794754
0 0.7250000238418579 0.7240740656852722 0.01354166679084301 0.05370370298624039
0 0.7416666746139526 0.7175925970077515 0.01354166679084301 0.04444444552063942
0 0.7572916746139526 0.7175925970077515 0.014583333395421505 0.04444444552063942
0 0.8041666746139526 0.7152777910232544 0.014583333395421505 0.05462963134050369
0 0.8203125 0.7175925970077515 0.015625 0.05740740895271301
0 0.5723958611488342 0.7643518447875977 0.01354166679084301 0.05092592537403107
0 0.6018229126930237 0.7671296000480652 0.013020833022892475 0.05277777835726738
0 0.6341145634651184 0.7685185074806213 0.010937499813735485 0.0555555559694767
0 0.6630208492279053 0.7754629850387573 0.01354166679084301 0.05277777835726738
0 0.7562500238418579 0.772685170173645 0.014583333395421505 0.05462963134050369
0 0.7885416746139526 0.7763888835906982 0.014583333395421505 0.06018518656492233
0 0.8828125 0.7842592597007751 0.01354166679084301 0.05000000074505806
0 0.9145833253860474 0.7824074029922485 0.015625 0.0555555559694767
0 0.11692707985639572 0.8856481313705444 0.015104166232049465 0.05462963134050369
0 0.1627604216337204 0.8847222328186035 0.015104166232049465 0.05277777835726738
0 0.22421875596046448 0.8870370388031006 0.01406249962747097 0.05000000074505806
0 0.2682291567325592 0.8888888955116272 0.014583333395421505 0.0555555559694767
0 0.2979166805744171 0.8935185074806213 0.01354166679084301 0.046296294778585434
0 0.3125 0.8916666507720947 0.01354166679084301 0.0555555559694767
0 0.328125 0.8902778029441833 0.01354166679084301 0.05462963134050369
0 0.3723958432674408 0.885185182094574 0.01354166679084301 0.04814814776182175
0 0.4645833373069763 0.8912037014961243 0.01354166679084301 0.04537037014961243
0 0.2835937440395355 0.9435185194015503 0.01406249962747097 0.05000000074505806
0 0.38723957538604736 0.9430555701255798 0.013020833022892475 0.049074072390794754
0 0.4026041626930237 0.9435185194015503 0.014583333395421505 0.051851850003004074
0 0.43281251192092896 0.9435185194015503 0.01354166679084301 0.04814814776182175
0 0.0846354141831398 0.9412037134170532 0.015104166232049465 0.05092592537403107
0 0.5864583253860474 0.8898147940635681 0.014583333395421505 0.05370370298624039
0 0.6028645634651184 0.8921296000480652 0.013020833022892475 0.05648148059844971
0 0.6317708492279053 0.8921296000480652 0.01354166679084301 0.05277777835726738
0 0.6929687261581421 0.8958333134651184 0.013020833022892475 0.049074072390794754
0 0.7260416746139526 0.8999999761581421 0.01354166679084301 0.0555555559694767
0 0.772656261920929 0.9018518328666687 0.01406249962747097 0.051851850003004074
0 0.6494791507720947 0.9495370388031006 0.014583333395421505 0.05648148059844971
0 0.6773437261581421 0.9509259462356567 0.01406249962747097 0.051851850003004074
0 0.7093750238418579 0.9523147940635681 0.012500000186264515 0.05277777835726738
0 0.7565104365348816 0.9560185074806213 0.01406249962747097 0.05462963134050369
0 0.7906249761581421 0.9546296000480652 0.014583333395421505 0.04814814776182175
0 0.821093738079071 0.9657407402992249 0.015104166232049465 0.04814814776182175
0 0.94921875 0.9087963104248047 0.01614583283662796 0.05833333358168602
0 0.981249988079071 0.9111111164093018 0.01666666753590107 0.05740740895271301
0 0.5567708611488342 0.9379629492759705 0.015625 0.07592592388391495
0 0.9877604246139526 0.3856481611728668 0.01614583283662796 0.05277777835726738
0 0.9825521111488342 0.5069444179534912 0.01614583283662796 0.05277777835726738
