0 0.17499999701976776 0.10138888657093048 0.03125 0.02500000037252903
0 0.14687499403953552 0.1458333283662796 0.02187499962747097 0.04537037014961243
0 0.17005208134651184 0.14444445073604584 0.015104166232049465 0.04814814776182175
0 0.20390625298023224 0.13703703880310059 0.01614583283662796 0.05740740895271301
0 0.19479165971279144 0.18518517911434174 0.02708333358168602 0.02222222276031971
0 0.19479165971279144 0.21296297013759613 0.02500000037252903 0.024074073880910873
0 0.19296875596046448 0.2370370328426361 0.02552083320915699 0.02222222276031971
0 0.19218750298023224 0.2629629671573639 0.01875000074505806 0.02222222276031971
0 0.21432290971279144 0.2736110985279083 0.013020833022892475 0.03981481492519379
0 0.19296875596046448 0.2888889014720917 0.02656250074505806 0.024074073880910873
0 0.19192709028720856 0.31481480598449707 0.03281249850988388 0.020370369777083397
0 0.19557291269302368 0.34166666865348816 0.03281249850988388 0.029629629105329514
0 0.19479165971279144 0.3708333373069763 0.02291666716337204 0.021296296268701553
0 0.1953125 0.39629629254341125 0.03020833246409893 0.025925925001502037
0 0.19374999403953552 0.4305555522441864 0.02500000037252903 0.035185184329748154
0 0.19244791567325592 0.4546296298503876 0.02968749962747097 0.04259259253740311
0 0.19348958134651184 0.47083333134651184 0.02968749962747097 0.06574074178934097
0 0.19348958134651184 0.5004629492759705 0.02552083320915699 0.021296296268701553
0 0.19453124701976776 0.5254629850387573 0.02656250074505806 0.023148147389292717
0 0.1953125 0.5513888597488403 0.02395833283662796 0.023148147389292717
0 0.19583334028720856 0.5768518447875977 0.02395833283662796 0.02222222276031971
0 0.19895833730697632 0.6032407283782959 0.02812499925494194 0.02500000037252903
0 0.19739583134651184 0.6300926208496094 0.03125 0.023148147389292717
0 0.19479165971279144 0.6601851582527161 0.0416666679084301 0.025925925001502037
0 0.19947916269302368 0.6861110925674438 0.02812499925494194 0.02222222276031971
0 0.1953125 0.7134259343147278 0.04270833358168602 0.026851851493120193
0 0.19557291269302368 0.7416666746139526 0.02968749962747097 0.025925925001502037
0 0.19453124701976776 0.7666666507720947 0.02552083320915699 0.02222222276031971
0 0.23593750596046448 0.7662037014961243 0.014583333395421505 0.04722222313284874
0 0.19947916269302368 0.8027777671813965 0.02708333358168602 0.02222222276031971
0 0.20026041567325592 0.8388888835906982 0.02864583395421505 0.02777777798473835
0 0.19947916269302368 0.925000011920929 0.02083333395421505 0.03888889029622078
0 0.20390625298023224 0.9629629850387573 0.02239583246409893 0.04444444552063942
0 0.2757812440395355 0.1796296238899231 0.03072916716337204 0.025925925001502037
0 0.2763020694255829 0.20648148655891418 0.02239583246409893 0.024074073880910873
0 0.27552083134651184 0.23425926268100739 0.02291666716337204 0.024074073880910873
0 0.2763020694255829 0.25925925374031067 0.02656250074505806 0.02222222276031971
0 0.2750000059604645 0.2874999940395355 0.02500000037252903 0.02500000037252903
0 0.2744791805744171 0.3143518567085266 0.03020833246409893 0.02500000037252903
0 0.27526041865348816 0.34074074029922485 0.02031249925494194 0.018518518656492233
0 0.27526041865348816 0.369907408952713 0.0234375 0.023148147389292717
0 0.2736979126930237 0.39907407760620117 0.02552083320915699 0.02222222276031971
0 0.2757812440395355 0.4245370328426361 0.0234375 0.021296296268701553
0 0.2747395932674408 0.4722222089767456 0.02552083320915699 0.02222222276031971
0 0.27682292461395264 0.6518518328666687 0.03177083283662796 0.025925925001502037
0 0.27656251192092896 0.6824073791503906 0.02500000037252903 0.02222222276031971
0 0.2760416567325592 0.7083333134651184 0.02604166604578495 0.025925925001502037
0 0.2760416567325592 0.7365740537643433 0.03020833246409893 0.026851851493120193
0 0.27786457538604736 0.762499988079071 0.0234375 0.01944444514811039
0 0.27786457538604736 0.7861111164093018 0.02656250074505806 0.025925925001502037
0 0.27421873807907104 0.8458333611488342 0.03072916716337204 0.026851851493120193
0 0.27656251192092896 0.8722222447395325 0.03229166567325592 0.024074073880910873
0 0.35755208134651184 0.18379630148410797 0.02760416641831398 0.02500000037252903
0 0.35729166865348816 0.20972222089767456 0.02604166604578495 0.023148147389292717
0 0.3335937559604645 0.23240740597248077 0.02760416641831398 0.025925925001502037
0 0.3333333432674408 0.2620370388031006 0.02604166604578495 0.024074073880910873
0 0.3317708373069763 0.2874999940395355 0.02395833283662796 0.023148147389292717
0 0.3348958194255829 0.31712964177131653 0.02291666716337204 0.021296296268701553
0 0.36406248807907104 0.31805557012557983 0.02916666679084301 0.021296296268701553
0 0.3335937559604645 0.3462963104248047 0.02656250074505806 0.024074073880910873
0 0.3645833432674408 0.3453703820705414 0.02187499962747097 0.020370369777083397
0 0.3359375 0.3740740716457367 0.02708333358168602 0.020370369777083397
0 0.3648437559604645 0.3722222149372101 0.02239583246409893 0.020370369777083397
0 0.3333333432674408 0.39953702688217163 0.02395833283662796 0.021296296268701553
0 0.3630208373069763 0.39907407760620117 0.02812499925494194 0.02222222276031971
0 0.3348958194255829 0.42592594027519226 0.02708333358168602 0.020370369777083397
0 0.3322916626930237 0.4504629671573639 0.02708333358168602 0.023148147389292717
0 0.36250001192092896 0.45277777314186096 0.02604166604578495 0.020370369777083397
0 0.33203125 0.5074074268341064 0.02656250074505806 0.024074073880910873
0 0.3622395694255829 0.5055555701255798 0.02760416641831398 0.024074073880910873
0 0.3304687440395355 0.5356481671333313 0.02239583246409893 0.01944444514811039
0 0.3617187440395355 0.532870352268219 0.02135416679084301 0.021296296268701553
0 0.33125001192092896 0.5583333373069763 0.02604166604578495 0.020370369777083397
0 0.3619791567325592 0.5587962865829468 0.02500000037252903 0.01944444514811039
0 0.33203125 0.585185170173645 0.02760416641831398 0.02222222276031971
0 0.3635416626930237 0.5833333134651184 0.02291666716337204 0.02222222276031971
0 0.33255207538604736 0.6000000238418579 0.02656250074505806 0.046296294778585434
0 0.36406248807907104 0.6129629611968994 0.02812499925494194 0.020370369777083397
0 0.33281248807907104 0.6384259462356567 0.02916666679084301 0.02500000037252903
0 0.3343749940395355 0.6666666865348816 0.02395833283662796 0.02222222276031971
0 0.36276042461395264 0.6662036776542664 0.02552083320915699 0.023148147389292717
0 0.3343749940395355 0.6939814686775208 0.03125 0.02500000037252903
0 0.36276042461395264 0.6935185194015503 0.0234375 0.024074073880910873
0 0.3661458194255829 0.7199074029922485 0.02187499962747097 0.021296296268701553
0 0.3317708373069763 0.7486110925674438 0.02500000037252903 0.021296296268701553
0 0.36145833134651184 0.7481481432914734 0.02604166604578495 0.024074073880910873
0 0.3604166805744171 0.7749999761581421 0.02708333358168602 0.020370369777083397
0 0.3348958194255829 0.800000011920929 0.03125 0.029629629105329514
0 0.3307291567325592 0.8282407522201538 0.02812499925494194 0.02500000037252903
0 0.3609375059604645 0.8509259223937988 0.03020833246409893 0.025925925001502037
0 0.4166666567325592 0.1856481432914734 0.02604166604578495 0.02500000037252903
0 0.4453125 0.18472221493721008 0.02916666679084301 0.02500000037252903
0 0.4182291626930237 0.21203704178333282 0.02812499925494194 0.024074073880910873
0 0.4476562440395355 0.21157407760620117 0.02447916753590107 0.023148147389292717
0 0.41979166865348816 0.23796296119689941 0.03020833246409893 0.024074073880910873
0 0.44739583134651184 0.23796296119689941 0.02083333395421505 0.02222222276031971
0 0.44843751192092896 0.26435184478759766 0.02500000037252903 0.023148147389292717
0 0.4713541567325592 0.2666666805744171 0.02604166604578495 0.05000000074505806
0 0.42239582538604736 0.29027777910232544 0.02395833283662796 0.021296296268701553
0 0.421875 0.3166666626930237 0.02395833283662796 0.020370369777083397
0 0.4515624940395355 0.3203703761100769 0.02604166604578495 0.02222222276031971
0 0.4208333194255829 0.34490740299224854 0.02812499925494194 0.021296296268701553
0 0.45104166865348816 0.3472222089767456 0.02083333395421505 0.020370369777083397
0 0.42109376192092896 0.37268519401550293 0.02864583395421505 0.023148147389292717
0 0.4192708432674408 0.40138888359069824 0.02916666679084301 0.021296296268701553
0 0.44869792461395264 0.40046295523643494 0.0234375 0.021296296268701553
0 0.42005208134651184 0.4277777671813965 0.02447916753590107 0.024074073880910873
0 0.44739583134651184 0.42500001192092896 0.02187499962747097 0.020370369777083397
0 0.421875 0.45370370149612427 0.02500000037252903 0.020370369777083397
0 0.42005208134651184 0.47962963581085205 0.02447916753590107 0.02222222276031971
0 0.44583332538604736 0.47453704476356506 0.02083333395421505 0.021296296268701553
0 0.42239582538604736 0.5050926208496094 0.02291666716337204 0.01944444514811039
0 0.4502604305744171 0.5041666626930237 0.02864583395421505 0.02500000037252903
0 0.4205729067325592 0.5314815044403076 0.02656250074505806 0.02222222276031971
0 0.45260417461395264 0.5324074029922485 0.02395833283662796 0.020370369777083397
0 0.42109376192092896 0.5578703880310059 0.02656250074505806 0.023148147389292717
0 0.42005208134651184 0.5865740776062012 0.02239583246409893 0.017592592164874077
0 0.44843751192092896 0.5842592716217041 0.02395833283662796 0.020370369777083397
0 0.41874998807907104 0.6097221970558167 0.02708333358168602 0.02500000037252903
0 0.4466145932674408 0.6101852059364319 0.02552083320915699 0.025925925001502037
0 0.44843751192092896 0.6365740895271301 0.02708333358168602 0.02500000037252903
0 0.4192708432674408 0.6652777791023254 0.02604166604578495 0.023148147389292717
0 0.42135417461395264 0.6921296119689941 0.02395833283662796 0.023148147389292717
0 0.4494791626930237 0.6893518567085266 0.02291666716337204 0.021296296268701553
0 0.4231770932674408 0.7185184955596924 0.02968749962747097 0.024074073880910873
0 0.41979166865348816 0.7462962865829468 0.02187499962747097 0.02222222276031971
0 0.4468750059604645 0.7449073791503906 0.02604166604578495 0.026851851493120193
0 0.44843751192092896 0.7708333134651184 0.03125 0.02500000037252903
0 0.41979166865348816 0.7981481552124023 0.02812499925494194 0.02777777798473835
0 0.4203124940395355 0.8254629373550415 0.02395833283662796 0.023148147389292717
0 0.44999998807907104 0.8212962746620178 0.02604166604578495 0.025925925001502037
0 0.43307292461395264 0.8504629731178284 0.03072916716337204 0.026851851493120193
0 0.5078125 0.18379630148410797 0.03020833246409893 0.023148147389292717
0 0.5377604365348816 0.18472221493721008 0.02135416679084301 0.01944444514811039
0 0.5044270753860474 0.21203704178333282 0.0234375 0.02222222276031971
0 0.534375011920929 0.2101851850748062 0.02812499925494194 0.024074073880910873
0 0.507031261920929 0.23749999701976776 0.02760416641831398 0.02500000037252903
0 0.5033854246139526 0.2648148238658905 0.02239583246409893 0.02222222276031971
0 0.53125 0.26527777314186096 0.02500000037252903 0.021296296268701553
0 0.5044270753860474 0.29027777910232544 0.02552083320915699 0.021296296268701553
0 0.5333333611488342 0.2907407283782959 0.02395833283662796 0.02222222276031971
0 0.5044270753860474 0.31805557012557983 0.0234375 0.023148147389292717
0 0.5315104126930237 0.3166666626930237 0.02447916753590107 0.02222222276031971
0 0.5078125 0.34583333134651184 0.02812499925494194 0.021296296268701553
0 0.534375011920929 0.34490740299224854 0.02500000037252903 0.021296296268701553
0 0.5052083134651184 0.37268519401550293 0.02395833283662796 0.021296296268701553
0 0.5338541865348816 0.37268519401550293 0.02604166604578495 0.021296296268701553
0 0.5041666626930237 0.39953702688217163 0.02500000037252903 0.021296296268701553
0 0.5023437738418579 0.4263888895511627 0.02552083320915699 0.021296296268701553
0 0.5346354246139526 0.4245370328426361 0.02552083320915699 0.023148147389292717
0 0.5065104365348816 0.45277777314186096 0.02760416641831398 0.02222222276031971
0 0.5335937738418579 0.4495370388031006 0.02968749962747097 0.023148147389292717
0 0.5057291388511658 0.47962963581085205 0.02708333358168602 0.020370369777083397
0 0.5044270753860474 0.5046296119689941 0.02656250074505806 0.02222222276031971
0 0.5322916507720947 0.5032407641410828 0.02500000037252903 0.01944444514811039
0 0.520312488079071 0.5277777910232544 0.05416666716337204 0.06481481343507767
0 0.5208333134651184 0.520370364189148 0.05416666716337204 0.05000000074505806
0 0.5067708492279053 0.5453703999519348 0.03020833246409893 0.04259259253740311
0 0.5356770753860474 0.5564814805984497 0.02135416679084301 0.01666666753590107
0 0.507031261920929 0.582870364189148 0.02552083320915699 0.01944444514811039
0 0.5210937261581421 0.6111111044883728 0.0546875 0.06296296417713165
0 0.5390625 0.6083333492279053 0.02812499925494194 0.02222222276031971
0 0.5062500238418579 0.6384259462356567 0.02708333358168602 0.023148147389292717
0 0.5333333611488342 0.6370370388031006 0.02604166604578495 0.02222222276031971
0 0.5075520873069763 0.664814829826355 0.02447916753590107 0.020370369777083397
0 0.5044270753860474 0.6912037134170532 0.02656250074505806 0.023148147389292717
0 0.5330728888511658 0.6870370507240295 0.0234375 0.024074073880910873
0 0.5078125 0.7175925970077515 0.02916666679084301 0.024074073880910873
0 0.5367187261581421 0.7138888835906982 0.02656250074505806 0.02222222276031971
0 0.5062500238418579 0.7444444298744202 0.03020833246409893 0.025925925001502037
0 0.5072916746139526 0.7722222208976746 0.02604166604578495 0.02222222276031971
0 0.5044270753860474 0.7967592477798462 0.02447916753590107 0.021296296268701553
0 0.5049479007720947 0.8217592835426331 0.02864583395421505 0.021296296268701553
0 0.5330728888511658 0.8208333253860474 0.02239583246409893 0.023148147389292717
0 0.518750011920929 0.8467592597007751 0.02916666679084301 0.03055555559694767
0 0.5854166746139526 0.09953703731298447 0.0364583320915699 0.02500000037252903
0 0.6216145753860474 0.10000000149011612 0.0234375 0.02222222276031971
0 0.5919271111488342 0.12870369851589203 0.02968749962747097 0.024074073880910873
0 0.6226562261581421 0.12916666269302368 0.02864583395421505 0.023148147389292717
0 0.5888020992279053 0.15648147463798523 0.02447916753590107 0.02222222276031971
0 0.616406261920929 0.15694443881511688 0.02447916753590107 0.021296296268701553
0 0.5895833373069763 0.182407408952713 0.02291666716337204 0.02222222276031971
0 0.6153646111488342 0.18379630148410797 0.0234375 0.021296296268701553
0 0.5908854007720947 0.20787036418914795 0.02760416641831398 0.02500000037252903
0 0.616406261920929 0.20879629254341125 0.02239583246409893 0.023148147389292717
0 0.5848958492279053 0.23749999701976776 0.03229166567325592 0.026851851493120193
0 0.6153646111488342 0.23564815521240234 0.02656250074505806 0.02500000037252903
0 0.6156250238418579 0.26157405972480774 0.02291666716337204 0.021296296268701553
0 0.5872395634651184 0.2916666567325592 0.02447916753590107 0.02222222276031971
0 0.6145833134651184 0.28796297311782837 0.02708333358168602 0.024074073880910873
0 0.6161458492279053 0.31805557012557983 0.02812499925494194 0.021296296268701553
0 0.5908854007720947 0.3481481373310089 0.02447916753590107 0.024074073880910873
0 0.58984375 0.3708333373069763 0.02864583395421505 0.021296296268701553
0 0.6169270873069763 0.37037035822868347 0.02552083320915699 0.02222222276031971
0 0.5903645753860474 0.42500001192092896 0.02968749962747097 0.02222222276031971
0 0.6177083253860474 0.42500001192092896 0.02395833283662796 0.02222222276031971
0 0.616406261920929 0.44999998807907104 0.02864583395421505 0.020370369777083397
0 0.6158854365348816 0.4791666567325592 0.02760416641831398 0.023148147389292717
0 0.590624988079071 0.5060185194015503 0.02395833283662796 0.01944444514811039
0 0.6244791746139526 0.5050926208496094 0.015625 0.01944444514811039
0 0.5903645753860474 0.5319444537162781 0.02656250074505806 0.021296296268701553
0 0.5921875238418579 0.5546296238899231 0.02604166604578495 0.024074073880910873
0 0.617968738079071 0.5555555820465088 0.02656250074505806 0.02222222276031971
0 0.602343738079071 0.6069444417953491 0.05260416492819786 0.023148147389292717
0 0.6156250238418579 0.6078703999519348 0.03020833246409893 0.021296296268701553
0 0.6106770634651184 0.6564815044403076 0.02760416641831398 0.020370369777083397
0 0.6117187738418579 0.6847222447395325 0.02552083320915699 0.021296296268701553
0 0.6127604246139526 0.7143518328666687 0.02656250074505806 0.023148147389292717
0 0.5880208611488342 0.7421296238899231 0.02500000037252903 0.026851851493120193
0 0.5872395634651184 0.7675926089286804 0.02447916753590107 0.020370369777083397
0 0.6148437261581421 0.7666666507720947 0.02656250074505806 0.02222222276031971
0 0.5888020992279053 0.7925925850868225 0.02656250074505806 0.024074073880910873
0 0.6169270873069763 0.7990740537643433 0.02447916753590107 0.02222222276031971
0 0.5861979126930237 0.8212962746620178 0.02552083320915699 0.02222222276031971
0 0.6153646111488342 0.822685182094574 0.02447916753590107 0.021296296268701553
0 0.6041666865348816 0.852314829826355 0.03020833246409893 0.026851851493120193
0 0.688281238079071 0.1546296328306198 0.05052083358168602 0.024074073880910873
0 0.7026041746139526 0.15324074029922485 0.02812499925494194 0.023148147389292717
0 0.6736978888511658 0.18379630148410797 0.02760416641831398 0.02500000037252903
0 0.702343761920929 0.1814814805984497 0.02447916753590107 0.024074073880910873
0 0.6752604246139526 0.21064814925193787 0.02864583395421505 0.021296296268701553
0 0.7075520753860474 0.21111111342906952 0.02968749962747097 0.025925925001502037
0 0.702343761920929 0.26249998807907104 0.02760416641831398 0.02500000037252903
0 0.7013021111488342 0.2898148000240326 0.02656250074505806 0.024074073880910873
0 0.6729166507720947 0.3152777850627899 0.02291666716337204 0.021296296268701553
0 0.7026041746139526 0.3162037134170532 0.02708333358168602 0.021296296268701553
0 0.6731770634651184 0.34074074029922485 0.02760416641831398 0.024074073880910873
0 0.703906238079071 0.3430555462837219 0.02968749962747097 0.02500000037252903
0 0.7005208134651184 0.3708333373069763 0.02812499925494194 0.023148147389292717
0 0.6703125238418579 0.39629629254341125 0.02708333358168602 0.02222222276031971
0 0.6989583373069763 0.3976851999759674 0.02500000037252903 0.021296296268701553
0 0.6729166507720947 0.4495370388031006 0.02500000037252903 0.021296296268701553
0 0.7010416388511658 0.44907405972480774 0.02708333358168602 0.024074073880910873
0 0.6739583611488342 0.5032407641410828 0.02708333358168602 0.023148147389292717
0 0.6739583611488342 0.5282407402992249 0.02395833283662796 0.021296296268701553
0 0.7007812261581421 0.5291666388511658 0.02447916753590107 0.021296296268701553
0 0.69921875 0.5532407164573669 0.02656250074505806 0.02500000037252903
0 0.6742187738418579 0.581944465637207 0.02968749962747097 0.02500000037252903
0 0.6744791865348816 0.6074073910713196 0.02604166604578495 0.02222222276031971
0 0.7018229365348816 0.6347222328186035 0.02968749962747097 0.026851851493120193
0 0.6736978888511658 0.6638888716697693 0.02656250074505806 0.025925925001502037
0 0.703125 0.6629629731178284 0.02916666679084301 0.024074073880910873
0 0.6729166507720947 0.6888889074325562 0.02604166604578495 0.024074073880910873
0 0.7015625238418579 0.7129629850387573 0.03020833246409893 0.024074073880910873
0 0.6747395992279053 0.7402777671813965 0.02760416641831398 0.023148147389292717
0 0.6755208373069763 0.7722222208976746 0.02812499925494194 0.024074073880910873
0 0.7007812261581421 0.7925925850868225 0.02760416641831398 0.025925925001502037
0 0.7015625238418579 0.8199074268341064 0.02812499925494194 0.02500000037252903
0 0.6776041388511658 0.8490740656852722 0.03541666641831398 0.02777777798473835
0 0.7619791626930237 0.09861110895872116 0.02708333358168602 0.026851851493120193
0 0.760937511920929 0.12638889253139496 0.02916666679084301 0.02500000037252903
0 0.7611979246139526 0.1518518477678299 0.02656250074505806 0.025925925001502037
0 0.760937511920929 0.17916665971279144 0.02916666679084301 0.026851851493120193
0 0.7630208134651184 0.20648148655891418 0.02604166604578495 0.024074073880910873
0 0.7619791626930237 0.36157408356666565 0.015625 0.05277777835726738
0 0.757031261920929 0.5634258985519409 0.02968749962747097 0.02500000037252903
0 0.7593749761581421 0.5939815044403076 0.02604166604578495 0.03055555559694767
0 0.7604166865348816 0.6175925731658936 0.02708333358168602 0.025925925001502037
0 0.79296875 0.6583333611488342 0.013020833022892475 0.04814814776182175
0 0.7583333253860474 0.6967592835426331 0.02291666716337204 0.023148147389292717
0 0.7598958611488342 0.7250000238418579 0.02500000037252903 0.024074073880910873
0 0.760937511920929 0.7407407164573669 0.02916666679084301 0.04444444552063942
0 0.7945312261581421 0.7856481671333313 0.015104166232049465 0.0416666679084301
0 0.7604166865348816 0.8393518328666687 0.03020833246409893 0.049074072390794754
0 0.7593749761581421 0.8592592477798462 0.02708333358168602 0.024074073880910873
0 0.7580729126930237 0.8828703761100769 0.02552083320915699 0.023148147389292717
0 0.832812488079071 0.4967592656612396 0.02916666679084301 0.026851851493120193
0 0.8411458134651184 0.5249999761581421 0.03750000149011612 0.024074073880910873
0 0.8408854007720947 0.5527777671813965 0.02760416641831398 0.02222222276031971
0 0.8374999761581421 0.5833333134651184 0.02395833283662796 0.024074073880910873
0 0.8403645753860474 0.6004629731178284 0.0234375 0.043518517166376114
0 0.8377603888511658 0.6388888955116272 0.02552083320915699 0.02222222276031971
0 0.8419271111488342 0.6689814925193787 0.0390625 0.026851851493120193
0 0.842968761920929 0.6986111402511597 0.03802083432674408 0.026851851493120193
0 0.852343738079071 0.9342592358589172 0.03281249850988388 0.031481482088565826
0 0.90234375 0.9416666626930237 0.02656250074505806 0.024074073880910873
0 0.18776041269302368 0.14212962985038757 0.015104166232049465 0.049074072390794754
0 0.15468749403953552 0.1449074000120163 0.01354166679084301 0.037962961941957474
0 0.1263020783662796 0.13472221791744232 0.015104166232049465 0.023148147389292717
0 0.11145833134651184 0.13703703880310059 0.012500000186264515 0.020370369777083397
0 0.22994790971279144 0.44583332538604736 0.015104166232049465 0.05277777835726738
0 0.8174479007720947 0.7953703999519348 0.01406249962747097 0.04444444552063942
0 0.8119791746139526 0.8736110925674438 0.01979166641831398 0.03611111268401146
0 0.8161458373069763 0.7393518686294556 0.015625 0.04722222313284874
0 0.8140624761581421 0.675000011920929 0.015625 0.046296294778585434
0 0.8356770873069763 0.42916667461395264 0.02864583395421505 0.023148147389292717
0 0.5356770753860474 0.05231481418013573 0.0234375 0.02500000037252903
0 0.2591145932674408 0.029629629105329514 0.01718750037252903 0.025925925001502037
