0 0.48828125 0.5185185074806213 0.03489583358168602 0.029629629105329514
0 0.00989583320915699 0.9101851582527161 0.01979166641831398 0.031481482088565826
0 0.01171875 0.8740741014480591 0.0234375 0.035185184329748154
0 0.01666666753590107 0.835185170173645 0.03333333507180214 0.040740739554166794
0 0.01380208320915699 0.7935185432434082 0.02760416641831398 0.03333333507180214
0 0.01588541641831398 0.7574074268341064 0.03177083283662796 0.03888889029622078
0 0.014843749813735485 0.7120370268821716 0.02968749962747097 0.03703703731298447
0 0.01328125037252903 0.6731481552124023 0.02656250074505806 0.03333333507180214
0 0.00937500037252903 0.6361111402511597 0.01875000074505806 0.031481482088565826
0 0.008593750186264515 0.5972222089767456 0.01718750037252903 0.02777777798473835
0 0.0078125 0.5601851940155029 0.015625 0.029629629105329514
0 0.00807291641831398 0.5249999761581421 0.01614583283662796 0.031481482088565826
0 0.00937500037252903 0.4833333194255829 0.01875000074505806 0.02777777798473835
0 0.008593750186264515 0.4462963044643402 0.01718750037252903 0.031481482088565826
0 0.007552083116024733 0.41203704476356506 0.015104166232049465 0.029629629105329514
0 0.010937499813735485 0.3722222149372101 0.02187499962747097 0.031481482088565826
0 0.0072916666977107525 0.33888888359069824 0.014583333395421505 0.029629629105329514
0 0.010937499813735485 0.29629629850387573 0.02187499962747097 0.035185184329748154
0 0.008593750186264515 0.25648146867752075 0.01718750037252903 0.03333333507180214
0 0.007031249813735485 0.21898147463798523 0.01406249962747097 0.032407406717538834
0 0.0031250000465661287 0.1814814805984497 0.0062500000931322575 0.025925925001502037
0 0.0062500000931322575 0.14444445073604584 0.012500000186264515 0.03333333507180214
0 0.006770833395421505 0.10879629850387573 0.01354166679084301 0.032407406717538834
0 0.0078125 0.06990740448236465 0.015625 0.032407406717538834
0 0.010677083395421505 0.02222222276031971 0.02135416679084301 0.04444444552063942
0 0.02708333358168602 0.5574073791503906 0.02291666716337204 0.0555555559694767
0 0.04661458358168602 0.887499988079071 0.02135416679084301 0.06203703582286835
0 0.01171875 0.9638888835906982 0.0234375 0.03333333507180214
0 0.12135417014360428 0.9365741014480591 0.03854166716337204 0.037962961941957474
0 0.12161458283662796 0.9018518328666687 0.0338541679084301 0.031481482088565826
0 0.1171875 0.8638888597488403 0.04791666567325592 0.03888889029622078
0 0.11874999850988388 0.8240740895271301 0.03541666641831398 0.03333333507180214
0 0.11770833283662796 0.7865740656852722 0.0364583320915699 0.03055555559694767
0 0.11744792014360428 0.7402777671813965 0.0494791679084301 0.03611111268401146
0 0.11145833134651184 0.48148149251937866 0.0416666679084301 0.031481482088565826
0 0.11276041716337204 0.41018518805503845 0.04010416567325592 0.03333333507180214
0 0.10989583283662796 0.375 0.03750000149011612 0.029629629105329514
0 0.11302082985639572 0.3324074149131775 0.03541666641831398 0.031481482088565826
0 0.11302082985639572 0.2916666567325592 0.03125 0.02777777798473835
0 0.1119791641831398 0.25138887763023376 0.04374999925494194 0.03611111268401146
0 0.1145833358168602 0.21481481194496155 0.03333333507180214 0.031481482088565826
0 0.11432291567325592 0.1726851910352707 0.04010416567325592 0.032407406717538834
0 0.11432291567325592 0.13703703880310059 0.02864583395421505 0.031481482088565826
0 0.11276041716337204 0.09814814478158951 0.03489583358168602 0.03888889029622078
0 0.1119791641831398 0.05925925821065903 0.04583333432674408 0.03703703731298447
0 0.23046875 0.06203703582286835 0.0390625 0.03333333507180214
0 0.23020833730697632 0.09907407313585281 0.03541666641831398 0.03333333507180214
0 0.19635416567325592 0.1328703761100769 0.04270833358168602 0.034259259700775146
0 0.1966145783662796 0.17407406866550446 0.04010416567325592 0.035185184329748154
0 0.19374999403953552 0.21111111342906952 0.03437500074505806 0.03333333507180214
0 0.19843749701976776 0.25462964177131653 0.03437500074505806 0.031481482088565826
0 0.2395833283662796 0.2537037134170532 0.04374999925494194 0.03333333507180214
0 0.19635416567325592 0.29629629850387573 0.03958333283662796 0.035185184329748154
0 0.24192708730697632 0.2944444417953491 0.03281249850988388 0.029629629105329514
0 0.24036458134651184 0.3333333432674408 0.03802083432674408 0.031481482088565826
0 0.2395833283662796 0.37268519401550293 0.0416666679084301 0.032407406717538834
0 0.19713541865348816 0.37361112236976624 0.03489583358168602 0.028703704476356506
0 0.2005208283662796 0.41111111640930176 0.04062499850988388 0.03333333507180214
0 0.19609375298023224 0.44999998807907104 0.0390625 0.031481482088565826
0 0.24036458134651184 0.4504629671573639 0.03697916492819786 0.03055555559694767
0 0.19687500596046448 0.529629647731781 0.03958333283662796 0.03333333507180214
0 0.23932291567325592 0.5245370268821716 0.04218750074505806 0.03055555559694767
0 0.19348958134651184 0.5699074268341064 0.03489583358168602 0.028703704476356506
0 0.2369791716337204 0.5666666626930237 0.03854166716337204 0.03333333507180214
0 0.19583334028720856 0.605555534362793 0.03854166716337204 0.031481482088565826
0 0.23802083730697632 0.6037036776542664 0.03854166716337204 0.031481482088565826
0 0.24296875298023224 0.6407407522201538 0.0338541679084301 0.031481482088565826
0 0.19739583134651184 0.6435185074806213 0.0416666679084301 0.035185184329748154
0 0.19869790971279144 0.6819444298744202 0.03802083432674408 0.03055555559694767
0 0.2434895783662796 0.6824073791503906 0.04114583507180214 0.031481482088565826
0 0.19947916269302368 0.720370352268219 0.04374999925494194 0.035185184329748154
0 0.20156249403953552 0.7615740895271301 0.03333333507180214 0.03055555559694767
0 0.24244791269302368 0.7597222328186035 0.03802083432674408 0.034259259700775146
0 0.20156249403953552 0.802314817905426 0.04479166492819786 0.034259259700775146
0 0.24322916567325592 0.7953703999519348 0.03541666641831398 0.031481482088565826
0 0.24687500298023224 0.8356481194496155 0.03750000149011612 0.03055555559694767
0 0.19895833730697632 0.8805555701255798 0.03958333283662796 0.03333333507180214
0 0.24322916567325592 0.8754629492759705 0.03750000149011612 0.032407406717538834
0 0.2408854216337204 0.9157407283782959 0.04322916641831398 0.031481482088565826
0 0.20546874403953552 0.9537037014961243 0.04843749850988388 0.03703703731298447
0 0.19895833730697632 0.9902777671813965 0.04270833358168602 0.017592592164874077
0 0.3148437440395355 0.06203703582286835 0.03593749925494194 0.035185184329748154
0 0.3578124940395355 0.05925925821065903 0.0416666679084301 0.035185184329748154
0 0.3174479305744171 0.10000000149011612 0.04114583507180214 0.035185184329748154
0 0.36015623807907104 0.09814814478158951 0.03697916492819786 0.03333333507180214
0 0.32083332538604736 0.13657407462596893 0.04479166492819786 0.03611111268401146
0 0.35989582538604736 0.13657407462596893 0.03125 0.032407406717538834
0 0.36328125 0.17314815521240234 0.03697916492819786 0.03703703731298447
0 0.37031251192092896 0.21250000596046448 0.04791666567325592 0.03611111268401146
0 0.3244791626930237 0.2101851850748062 0.0364583320915699 0.029629629105329514
0 0.32473957538604736 0.25 0.03281249850988388 0.029629629105329514
0 0.36796873807907104 0.2541666626930237 0.04010416567325592 0.034259259700775146
0 0.36796873807907104 0.2935185134410858 0.03072916716337204 0.029629629105329514
0 0.32421875 0.2898148000240326 0.04010416567325592 0.029629629105329514
0 0.3239583373069763 0.33101850748062134 0.04374999925494194 0.034259259700775146
0 0.36510416865348816 0.36944442987442017 0.03541666641831398 0.031481482088565826
0 0.3218750059604645 0.3722222149372101 0.04270833358168602 0.031481482088565826
0 0.3229166567325592 0.41111111640930176 0.03750000149011612 0.035185184329748154
0 0.36328125 0.40648147463798523 0.03281249850988388 0.031481482088565826
0 0.32499998807907104 0.4481481611728668 0.03958333283662796 0.029629629105329514
0 0.32343751192092896 0.48564815521240234 0.03541666641831398 0.028703704476356506
0 0.3609375059604645 0.47685185074806213 0.03229166567325592 0.02777777798473835
0 0.32499998807907104 0.5240740776062012 0.03750000149011612 0.031481482088565826
0 0.36796873807907104 0.520370364189148 0.04114583507180214 0.03333333507180214
0 0.3255208432674408 0.5643518567085266 0.03958333283662796 0.032407406717538834
0 0.37031251192092896 0.5620370507240295 0.03750000149011612 0.031481482088565826
0 0.32630208134651184 0.6013888716697693 0.0390625 0.032407406717538834
0 0.3257812559604645 0.6430555582046509 0.03281249850988388 0.026851851493120193
0 0.3669270873069763 0.637499988079071 0.03593749925494194 0.032407406717538834
0 0.32421875 0.6791666746139526 0.04010416567325592 0.03055555559694767
0 0.36380207538604736 0.675000011920929 0.03697916492819786 0.031481482088565826
0 0.3669270873069763 0.7143518328666687 0.04010416567325592 0.03611111268401146
0 0.3239583373069763 0.7574074268341064 0.03854166716337204 0.03703703731298447
0 0.32760417461395264 0.7953703999519348 0.03229166567325592 0.031481482088565826
0 0.3669270873069763 0.7907407283782959 0.03802083432674408 0.03333333507180214
0 0.3309895694255829 0.8324074149131775 0.04322916641831398 0.03703703731298447
0 0.3268229067325592 0.8759258985519409 0.03281249850988388 0.031481482088565826
0 0.36640626192092896 0.8699073791503906 0.03802083432674408 0.037962961941957474
0 0.3682291805744171 0.9083333611488342 0.04583333432674408 0.03703703731298447
0 0.32760417461395264 0.9486111402511597 0.0416666679084301 0.03981481492519379
0 0.328125 0.9851852059364319 0.03437500074505806 0.02777777798473835
0 0.3697916567325592 0.9800925850868225 0.04062499850988388 0.037962961941957474
0 0.4515624940395355 0.9824073910713196 0.0416666679084301 0.03333333507180214
0 0.4921875 0.9791666865348816 0.03125 0.028703704476356506
0 0.4505208432674408 0.9430555701255798 0.03541666641831398 0.032407406717538834
0 0.49166667461395264 0.9402777552604675 0.0364583320915699 0.032407406717538834
0 0.4541666805744171 0.9064815044403076 0.0364583320915699 0.029629629105329514
0 0.4520833194255829 0.8671296238899231 0.04374999925494194 0.03611111268401146
0 0.49296873807907104 0.862500011920929 0.03593749925494194 0.034259259700775146
0 0.4533854126930237 0.8287037014961243 0.0390625 0.03333333507180214
0 0.4973958432674408 0.8208333253860474 0.04062499850988388 0.034259259700775146
0 0.4489583373069763 0.7902777791023254 0.03750000149011612 0.032407406717538834
0 0.4911458194255829 0.782870352268219 0.03333333507180214 0.032407406717538834
0 0.4541666805744171 0.7509258985519409 0.03541666641831398 0.029629629105329514
0 0.4502604305744171 0.7124999761581421 0.03802083432674408 0.028703704476356506
0 0.4911458194255829 0.7111111283302307 0.03750000149011612 0.031481482088565826
0 0.4541666805744171 0.6726852059364319 0.04062499850988388 0.034259259700775146
0 0.49609375 0.6666666865348816 0.04114583507180214 0.031481482088565826
0 0.4518229067325592 0.6328703761100769 0.03802083432674408 0.028703704476356506
0 0.45130208134651184 0.5935184955596924 0.04010416567325592 0.02777777798473835
0 0.4932291805744171 0.5935184955596924 0.03125 0.025925925001502037
0 0.45104166865348816 0.5574073791503906 0.03541666641831398 0.02777777798473835
0 0.4911458194255829 0.5560185313224792 0.03958333283662796 0.032407406717538834
0 0.4479166567325592 0.5208333134651184 0.03958333283662796 0.032407406717538834
0 0.44921875 0.4851851761341095 0.0390625 0.029629629105329514
0 0.44843751192092896 0.4435185194015503 0.03750000149011612 0.031481482088565826
0 0.4893229305744171 0.4402777850627899 0.04218750074505806 0.03055555559694767
0 0.4437499940395355 0.40601852536201477 0.03750000149011612 0.032407406717538834
0 0.49036458134651184 0.4027777910232544 0.03697916492819786 0.029629629105329514
0 0.44609373807907104 0.3689814805984497 0.03489583358168602 0.032407406717538834
0 0.44739583134651184 0.3296296298503876 0.03541666641831398 0.029629629105329514
0 0.48750001192092896 0.3291666805744171 0.03750000149011612 0.03055555559694767
0 0.4489583373069763 0.28935185074806213 0.03958333283662796 0.028703704476356506
0 0.48906248807907104 0.28796297311782837 0.0364583320915699 0.031481482088565826
0 0.484375 0.24722221493721008 0.03541666641831398 0.031481482088565826
0 0.4450520873069763 0.24953703582286835 0.0338541679084301 0.03055555559694767
0 0.44453126192092896 0.2101851850748062 0.03802083432674408 0.031481482088565826
0 0.48619791865348816 0.2092592567205429 0.03489583358168602 0.031481482088565826
0 0.48359376192092896 0.1726851910352707 0.03489583358168602 0.034259259700775146
0 0.4429687559604645 0.17407406866550446 0.0338541679084301 0.03333333507180214
0 0.44739583134651184 0.13379628956317902 0.04062499850988388 0.03611111268401146
0 0.4437499940395355 0.09675925970077515 0.03437500074505806 0.032407406717538834
0 0.4466145932674408 0.05648148059844971 0.0442708320915699 0.035185184329748154
0 0.4911458194255829 0.05648148059844971 0.03125 0.031481482088565826
0 0.4867187440395355 0.09305555373430252 0.0390625 0.03611111268401146
0 0.563281238079071 0.015740741044282913 0.03281249850988388 0.031481482088565826
0 0.602343738079071 0.01666666753590107 0.03802083432674408 0.03333333507180214
0 0.5669270753860474 0.051851850003004074 0.0338541679084301 0.031481482088565826
0 0.6028645634651184 0.05231481418013573 0.0338541679084301 0.03055555559694767
0 0.5669270753860474 0.0902777761220932 0.03802083432674408 0.032407406717538834
0 0.60546875 0.08888889104127884 0.0338541679084301 0.031481482088565826
0 0.5596354007720947 0.1319444477558136 0.04531250149011612 0.03611111268401146
0 0.6036458611488342 0.1268518567085266 0.03750000149011612 0.035185184329748154
0 0.6049479246139526 0.16435185074806213 0.03281249850988388 0.03055555559694767
0 0.6036458611488342 0.20370370149612427 0.03854166716337204 0.03333333507180214
0 0.5640624761581421 0.20879629254341125 0.03333333507180214 0.028703704476356506
0 0.6067708134651184 0.24629630148410797 0.04270833358168602 0.031481482088565826
0 0.5708333253860474 0.28935185074806213 0.03437500074505806 0.032407406717538834
0 0.5687500238418579 0.3236111104488373 0.04062499850988388 0.032407406717538834
0 0.6078125238418579 0.32407405972480774 0.0364583320915699 0.035185184329748154
0 0.6088541746139526 0.3601851761341095 0.03854166716337204 0.03333333507180214
0 0.5700520873069763 0.40324074029922485 0.04218750074505806 0.032407406717538834
0 0.610156238079071 0.4000000059604645 0.03281249850988388 0.02777777798473835
0 0.609375 0.43611112236976624 0.03958333283662796 0.029629629105329514
0 0.6072916388511658 0.4773148000240326 0.04062499850988388 0.034259259700775146
0 0.6130208373069763 0.5185185074806213 0.0364583320915699 0.031481482088565826
0 0.5705729126930237 0.520370364189148 0.03489583358168602 0.031481482088565826
0 0.571093738079071 0.5569444298744202 0.03802083432674408 0.028703704476356506
0 0.6114583611488342 0.5898148417472839 0.03750000149011612 0.031481482088565826
0 0.5729166865348816 0.5912036895751953 0.03437500074505806 0.028703704476356506
0 0.5687500238418579 0.6638888716697693 0.03333333507180214 0.031481482088565826
0 0.6106770634651184 0.6652777791023254 0.04114583507180214 0.03055555559694767
0 0.6039062738418579 0.7361111044883728 0.04218750074505806 0.031481482088565826
0 0.6052083373069763 0.7773148417472839 0.03854166716337204 0.03055555559694767
0 0.606249988079071 0.8208333253860474 0.03750000149011612 0.03055555559694767
0 0.5716145634651184 0.8592592477798462 0.03697916492819786 0.03333333507180214
0 0.5700520873069763 0.8995370268821716 0.03489583358168602 0.028703704476356506
0 0.6106770634651184 0.8962963223457336 0.03802083432674408 0.031481482088565826
0 0.6130208373069763 0.9407407641410828 0.03541666641831398 0.031481482088565826
0 0.5726562738418579 0.9347222447395325 0.0390625 0.034259259700775146
0 0.5692708492279053 0.9750000238418579 0.03750000149011612 0.03333333507180214
0 0.612500011920929 0.979629635810852 0.0364583320915699 0.03888889029622078
0 0.7356770634651184 0.970370352268219 0.04010416567325592 0.035185184329748154
0 0.734375 0.9296296238899231 0.03854166716337204 0.03703703731298447
0 0.6981770992279053 0.8995370268821716 0.04010416567325592 0.032407406717538834
0 0.6955729126930237 0.8537036776542664 0.04010416567325592 0.035185184329748154
0 0.7346354126930237 0.8134258985519409 0.04218750074505806 0.034259259700775146
0 0.6927083134651184 0.7805555462837219 0.03854166716337204 0.03333333507180214
0 0.6942708492279053 0.7430555820465088 0.03854166716337204 0.034259259700775146
0 0.7356770634651184 0.7407407164573669 0.04114583507180214 0.035185184329748154
0 0.7338541746139526 0.699999988079071 0.0416666679084301 0.03888889029622078
0 0.6937500238418579 0.6620370149612427 0.03750000149011612 0.029629629105329514
0 0.6934896111488342 0.6240741014480591 0.04218750074505806 0.031481482088565826
0 0.7294270992279053 0.5856481194496155 0.03802083432674408 0.03055555559694767
0 0.7320312261581421 0.5509259104728699 0.0338541679084301 0.031481482088565826
0 0.6916666626930237 0.5486111044883728 0.03541666641831398 0.028703704476356506
0 0.6916666626930237 0.512499988079071 0.03958333283662796 0.032407406717538834
0 0.6499999761581421 0.4435185194015503 0.01770833320915699 0.07037036865949631
0 0.6895833611488342 0.4333333373069763 0.03437500074505806 0.029629629105329514
0 0.7307291626930237 0.432407408952713 0.0364583320915699 0.031481482088565826
0 0.7263020873069763 0.3578703701496124 0.0338541679084301 0.03055555559694767
0 0.6854166388511658 0.3560185134410858 0.03958333283662796 0.032407406717538834
0 0.6468750238418579 0.3092592656612396 0.01875000074505806 0.07407407462596893
0 0.7278645634651184 0.3194444477558136 0.04010416567325592 0.03333333507180214
0 0.733593761920929 0.2787036895751953 0.04322916641831398 0.03333333507180214
0 0.6890624761581421 0.2787036895751953 0.03958333283662796 0.03333333507180214
0 0.6903645992279053 0.24074074625968933 0.03697916492819786 0.031481482088565826
0 0.7317708134651184 0.24027778208255768 0.04062499850988388 0.032407406717538834
0 0.7283853888511658 0.2023148089647293 0.03802083432674408 0.034259259700775146
0 0.7289062738418579 0.16388888657093048 0.0390625 0.03333333507180214
0 0.7276041507720947 0.12731482088565826 0.04062499850988388 0.034259259700775146
0 0.7367187738418579 0.09074074029922485 0.0442708320915699 0.03703703731298447
0 0.6898437738418579 0.0902777761220932 0.04114583507180214 0.032407406717538834
0 0.6872395873069763 0.05231481418013573 0.0390625 0.03611111268401146
0 0.7291666865348816 0.047685183584690094 0.0364583320915699 0.032407406717538834
0 0.7281249761581421 0.012037036940455437 0.04062499850988388 0.024074073880910873
0 0.6903645992279053 0.012962962500751019 0.03593749925494194 0.025925925001502037
0 0.6526041626930237 0.023148147389292717 0.02708333358168602 0.046296294778585434
0 0.8122395873069763 0.011111111380159855 0.0390625 0.02222222276031971
0 0.8130208253860474 0.04305555671453476 0.04270833358168602 0.034259259700775146
0 0.8158854246139526 0.08148147910833359 0.0390625 0.035185184329748154
0 0.8382812738418579 0.5273148417472839 0.02552083320915699 0.06203703582286835
0 0.811718761920929 0.5939815044403076 0.04218750074505806 0.03611111268401146
0 0.8151041865348816 0.6370370388031006 0.0364583320915699 0.035185184329748154
0 0.817187488079071 0.675000011920929 0.03854166716337204 0.03333333507180214
0 0.8161458373069763 0.7875000238418579 0.03541666641831398 0.03611111268401146
0 0.8182291388511658 0.8282407522201538 0.03541666641831398 0.032407406717538834
0 0.8197916746139526 0.8652777671813965 0.04270833358168602 0.03611111268401146
0 0.821093738079071 0.9791666865348816 0.04322916641831398 0.03981481492519379
0 0.8986979126930237 0.8481481671333313 0.02239583246409893 0.06666667014360428
0 0.895312488079071 0.7560185194015503 0.02187499962747097 0.06759259104728699
0 0.9380208253860474 0.7879629731178284 0.05624999850988388 0.03888889029622078
0 0.9364583492279053 0.7439814805984497 0.05833333358168602 0.03981481492519379
0 0.9296875 0.7013888955116272 0.03854166716337204 0.032407406717538834
0 0.9333333373069763 0.6611111164093018 0.0364583320915699 0.031481482088565826
0 0.9286458492279053 0.6208333373069763 0.0364583320915699 0.03055555559694767
0 0.93359375 0.5768518447875977 0.04114583507180214 0.031481482088565826
0 0.932812511920929 0.5379629731178284 0.05520833283662796 0.03333333507180214
0 0.9208333492279053 0.494907408952713 0.04062499850988388 0.032407406717538834
0 0.9244791865348816 0.39953702688217163 0.04270833358168602 0.032407406717538834
