0 0.04088541492819786 0.23333333432674408 0.03072916716337204 0.04814814776182175
0 0.07916666567325592 0.2370370328426361 0.03125 0.05000000074505806
0 0.16979166865348816 0.255092591047287 0.03125 0.03611111268401146
0 0.22708334028720856 0.26435184478759766 0.02812499925494194 0.04722222313284874
0 0.2619791626930237 0.27407407760620117 0.02395833283662796 0.04259259253740311
0 0.2822916805744171 0.27407407760620117 0.02604166604578495 0.04814814776182175
0 0.17135415971279144 0.2958333194255829 0.06145833432674408 0.049074072390794754
0 0.15078124403953552 0.3828703761100769 0.02864583395421505 0.07314814627170563
0 0.18463541567325592 0.4263888895511627 0.02447916753590107 0.05648148059844971
0 0.30286458134651184 0.4217592477798462 0.02135416679084301 0.049074072390794754
0 0.2802083194255829 0.5259259343147278 0.03020833246409893 0.06481481343507767
0 0.01197916641831398 0.5597222447395325 0.02395833283662796 0.06759259104728699
0 0.05026041716337204 0.5680555701255798 0.03697916492819786 0.0694444477558136
0 0.0950520858168602 0.5745370388031006 0.0338541679084301 0.07129629701375961
0 0.11796875298023224 0.5810185074806213 0.0390625 0.08055555820465088
0 0.16171875596046448 0.5925925970077515 0.0338541679084301 0.06851851940155029
0 0.18697915971279144 0.5958333611488342 0.03437500074505806 0.06759259104728699
0 0.21171875298023224 0.5976851582527161 0.03489583358168602 0.06759259104728699
0 0.03984374925494194 0.6509259343147278 0.04010416567325592 0.07037036865949631
0 0.06536458432674408 0.6527777910232544 0.0390625 0.06851851940155029
0 0.09218750149011612 0.657870352268219 0.03750000149011612 0.06203703582286835
0 0.1171875 0.6643518805503845 0.03750000149011612 0.06203703582286835
0 0.16067709028720856 0.675000011920929 0.03593749925494194 0.06851851940155029
0 0.19062499701976776 0.6722221970558167 0.03437500074505806 0.07592592388391495
0 0.02473958395421505 0.8310185074806213 0.0494791679084301 0.10092592239379883
0 0.04765624925494194 0.8550925850868225 0.03802083432674408 0.08055555820465088
0 0.07786457985639572 0.8486111164093018 0.03697916492819786 0.0694444477558136
0 0.10312499850988388 0.8569444417953491 0.03854166716337204 0.07685185223817825
0 0.1380208283662796 0.8592592477798462 0.03958333283662796 0.08888889104127884
0 0.17031249403953552 0.854629635810852 0.0520833320915699 0.11851851642131805
0 0.2044270783662796 0.8958333134651184 0.0338541679084301 0.08611111342906952
0 0.24453124403953552 0.8916666507720947 0.03281249850988388 0.09814814478158951
0 0.2927083373069763 0.8962963223457336 0.02916666679084301 0.08148147910833359
0 0.3395833373069763 0.8819444179534912 0.02812499925494194 0.09166666865348816
0 0.37942707538604736 0.8921296000480652 0.02239583246409893 0.0694444477558136
0 0.5166666507720947 0.8773148059844971 0.02604166604578495 0.09166666865348816
0 0.5872395634651184 0.8643518686294556 0.03072916716337204 0.08796296268701553
0 0.6815103888511658 0.8550925850868225 0.02968749962747097 0.05833333358168602
0 0.721875011920929 0.8398148417472839 0.03750000149011612 0.07037036865949631
0 0.6260416507720947 0.7759259343147278 0.03854166716337204 0.08148147910833359
0 0.8434895873069763 0.8212962746620178 0.0442708320915699 0.0833333358168602
0 0.8817708492279053 0.8175926208496094 0.04374999925494194 0.08148147910833359
0 0.9273437261581421 0.8078703880310059 0.0442708320915699 0.08425925672054291
0 0.965624988079071 0.8004629611968994 0.04479166492819786 0.0824074074625969
0 0.785937488079071 0.7550926208496094 0.05833333358168602 0.04722222313284874
0 0.30859375 0.6717592477798462 0.02552083320915699 0.07500000298023224
0 0.3369791805744171 0.6814814805984497 0.02291666716337204 0.07592592388391495
0 0.3622395694255829 0.6833333373069763 0.0234375 0.06851851940155029
0 0.39375001192092896 0.6962962746620178 0.02395833283662796 0.06851851940155029
0 0.4195312559604645 0.6708333492279053 0.02135416679084301 0.08796296268701553
0 0.4466145932674408 0.6703703999519348 0.02031249925494194 0.06296296417713165
0 0.4742187559604645 0.664814829826355 0.02031249925494194 0.05740740895271301
0 0.5020833611488342 0.6652777791023254 0.02187499962747097 0.06388889253139496
0 0.3388020694255829 0.6018518805503845 0.0234375 0.07037036865949631
0 0.36640626192092896 0.6027777791023254 0.0234375 0.06666667014360428
0 0.3984375 0.5824074149131775 0.02708333358168602 0.06111111119389534
0 0.47213542461395264 0.5962963104248047 0.02760416641831398 0.06111111119389534
0 0.49947917461395264 0.5935184955596924 0.01770833320915699 0.06481481343507767
0 0.5492187738418579 0.6606481671333313 0.015104166232049465 0.049074072390794754
0 0.578125 0.6537036895751953 0.02604166604578495 0.06481481343507767
0 0.6036458611488342 0.6518518328666687 0.02500000037252903 0.06851851940155029
0 0.6273437738418579 0.6486111283302307 0.02864583395421505 0.07129629701375961
0 0.653124988079071 0.6499999761581421 0.02604166604578495 0.06851851940155029
0 0.6783854365348816 0.6439814567565918 0.03281249850988388 0.07129629701375961
0 0.7057291865348816 0.6407407522201538 0.03333333507180214 0.07592592388391495
0 0.7338541746139526 0.6365740895271301 0.0364583320915699 0.06388889253139496
0 0.7562500238418579 0.6291666626930237 0.02812499925494194 0.05462963134050369
0 0.7794271111488342 0.6194444298744202 0.02968749962747097 0.06111111119389534
0 0.8070312738418579 0.6199073791503906 0.03072916716337204 0.07314814627170563
0 0.8322916626930237 0.6138888597488403 0.03333333507180214 0.07407407462596893
0 0.8580729365348816 0.6162037253379822 0.02864583395421505 0.06574074178934097
0 0.883593738079071 0.6087962985038757 0.02864583395421505 0.0694444477558136
0 0.9057291746139526 0.5986111164093018 0.04062499850988388 0.07685185223817825
0 0.5419270992279053 0.5879629850387573 0.02447916753590107 0.06851851940155029
0 0.5687500238418579 0.5879629850387573 0.02291666716337204 0.06666667014360428
0 0.5940104126930237 0.5837963223457336 0.02135416679084301 0.06018518656492233
0 0.617968738079071 0.574999988079071 0.02656250074505806 0.07037036865949631
0 0.6442708373069763 0.5768518447875977 0.02604166604578495 0.06666667014360428
0 0.6661458611488342 0.5703703761100769 0.02395833283662796 0.0555555559694767
0 0.6895833611488342 0.5629629492759705 0.03229166567325592 0.06111111119389534
0 0.7143229246139526 0.5597222447395325 0.0234375 0.05462963134050369
0 0.7369791865348816 0.5569444298744202 0.02916666679084301 0.07500000298023224
0 0.7643229365348816 0.5537037253379822 0.03281249850988388 0.05740740895271301
0 0.7872396111488342 0.5490740537643433 0.02760416641831398 0.05740740895271301
0 0.821093738079071 0.5467592477798462 0.04843749850988388 0.06388889253139496
0 0.8414062261581421 0.5495370626449585 0.04010416567325592 0.06759259104728699
0 0.8575521111488342 0.5453703999519348 0.02760416641831398 0.06111111119389534
0 0.8848958611488342 0.5324074029922485 0.03125 0.05925925821065903
0 0.5596354007720947 0.5245370268821716 0.04531250149011612 0.034259259700775146
0 0.6135416626930237 0.5185185074806213 0.03541666641831398 0.03333333507180214
0 0.6721354126930237 0.5083333253860474 0.0390625 0.035185184329748154
0 0.739062488079071 0.4981481432914734 0.03854166716337204 0.035185184329748154
0 0.9703124761581421 0.519444465637207 0.04583333432674408 0.08703703433275223
0 0.9880208373069763 0.5972222089767456 0.02291666716337204 0.08148147910833359
0 0.9885416626930237 0.5134259462356567 0.02187499962747097 0.05648148059844971
0 0.8932291865348816 0.3273148238658905 0.0364583320915699 0.05648148059844971
0 0.9195312261581421 0.39444443583488464 0.02968749962747097 0.05370370298624039
0 0.9419270753860474 0.3861111104488373 0.03072916716337204 0.05000000074505806
0 0.9744791388511658 0.31018519401550293 0.03229166567325592 0.04444444552063942
0 0.9661458134651184 0.1388888955116272 0.05416666716337204 0.046296294778585434
0 0.9312499761581421 0.2162037044763565 0.03437500074505806 0.04537037014961243
0 0.9682291746139526 0.2083333283662796 0.03020833246409893 0.040740739554166794
0 0.8518229126930237 0.16296295821666718 0.03593749925494194 0.029629629105329514
0 0.8528645634651184 0.2212962955236435 0.02864583395421505 0.04814814776182175
0 0.8739583492279053 0.21944443881511688 0.02500000037252903 0.04444444552063942
0 0.7817708253860474 0.23287037014961243 0.02500000037252903 0.04537037014961243
0 0.7619791626930237 0.23333333432674408 0.02395833283662796 0.051851850003004074
0 0.7406250238418579 0.24120371043682098 0.02187499962747097 0.04722222313284874
0 0.7221354246139526 0.24259258806705475 0.02552083320915699 0.05370370298624039
0 0.6851562261581421 0.24861110746860504 0.02552083320915699 0.05648148059844971
0 0.6463541388511658 0.25462964177131653 0.02291666716337204 0.040740739554166794
0 0.608593761920929 0.25833332538604736 0.01822916604578495 0.035185184329748154
0 0.5903645753860474 0.2606481611728668 0.01927083358168602 0.04722222313284874
0 0.510937511920929 0.27407407760620117 0.01979166641831398 0.05000000074505806
0 0.43281251192092896 0.28148147463798523 0.01875000074505806 0.04444444552063942
0 0.39114582538604736 0.27546295523643494 0.02083333395421505 0.049074072390794754
0 0.3635416626930237 0.27037036418914795 0.02812499925494194 0.06111111119389534
0 0.3486979305744171 0.24953703582286835 0.02760416641831398 0.043518517166376114
0 0.4039062559604645 0.19212962687015533 0.03177083283662796 0.034259259700775146
0 0.40572917461395264 0.32870370149612427 0.03854166716337204 0.035185184329748154
0 0.41223958134651184 0.3856481611728668 0.01614583283662796 0.05833333358168602
0 0.5200520753860474 0.37731480598449707 0.02135416679084301 0.06018518656492233
0 0.5401041507720947 0.37268519401550293 0.02604166604578495 0.05648148059844971
0 0.5614583492279053 0.36944442987442017 0.01770833320915699 0.051851850003004074
0 0.5882812738418579 0.375 0.01718750037252903 0.04444444552063942
0 0.6440104246139526 0.36574074625968933 0.015104166232049465 0.04444444552063942
0 0.6880208253860474 0.35648149251937866 0.02395833283662796 0.04444444552063942
0 0.7294270992279053 0.3513889014720917 0.02239583246409893 0.043518517166376114
0 0.7700520753860474 0.34351852536201477 0.02239583246409893 0.046296294778585434
0 0.7924479246139526 0.3430555462837219 0.02864583395421505 0.04537037014961243
0 0.8158854246139526 0.33564814925193787 0.02968749962747097 0.049074072390794754
0 0.8348958492279053 0.4027777910232544 0.02395833283662796 0.051851850003004074
0 0.8135416507720947 0.4018518626689911 0.03125 0.06111111119389534
0 0.7919270992279053 0.41018518805503845 0.02864583395421505 0.06111111119389534
0 0.7708333134651184 0.4157407283782959 0.02708333358168602 0.05000000074505806
0 0.7523437738418579 0.42314815521240234 0.02552083320915699 0.05370370298624039
0 0.7265625 0.4148148000240326 0.02291666716337204 0.04444444552063942
0 0.7080729007720947 0.4185185134410858 0.02760416641831398 0.05000000074505806
0 0.6838541626930237 0.42592594027519226 0.02812499925494194 0.05370370298624039
0 0.6619791388511658 0.4296296238899231 0.02291666716337204 0.046296294778585434
0 0.6419270634651184 0.4342592656612396 0.0234375 0.05925925821065903
0 0.6190103888511658 0.4384259283542633 0.0234375 0.05833333358168602
0 0.5953124761581421 0.4407407343387604 0.02187499962747097 0.05370370298624039
0 0.5736979246139526 0.43981480598449707 0.02135416679084301 0.06111111119389534
0 0.551562488079071 0.447685182094574 0.01875000074505806 0.05277777835726738
0 0.52734375 0.4481481611728668 0.02031249925494194 0.05370370298624039
0 0.4880208373069763 0.4625000059604645 0.01770833320915699 0.05092592537403107
0 0.46432292461395264 0.4555555582046509 0.01822916604578495 0.05925925821065903
0 0.4403645694255829 0.45972222089767456 0.02031249925494194 0.05462963134050369
0 0.39140623807907104 0.45185184478759766 0.02135416679084301 0.09259258955717087
0 0.12187500298023224 0.40416666865348816 0.03125 0.13611111044883728
0 0.009114583022892475 0.3490740656852722 0.01822916604578495 0.06296296417713165
0 0.12213541567325592 0.40509259700775146 0.03281249850988388 0.1379629671573639
0 0.32213541865348816 0.3263888955116272 0.03177083283662796 0.0694444477558136
0 0.8604166507720947 0.08611111342906952 0.02604166604578495 0.03333333507180214
0 0.7934895753860474 0.08888889104127884 0.03593749925494194 0.046296294778585434
0 0.699999988079071 0.10462962836027145 0.02604166604578495 0.040740739554166794
0 0.6010416746139526 0.11064814776182175 0.02187499962747097 0.043518517166376114
0 0.71875 0.02222222276031971 0.02500000037252903 0.04444444552063942
0 0.4677083194255829 0.12870369851589203 0.014583333395421505 0.04444444552063942
0 0.43177083134651184 0.13703703880310059 0.015625 0.04259259253740311
0 0.4986979067325592 0.12777778506278992 0.00989583320915699 0.04259259253740311
0 0.5096353888511658 0.05462963134050369 0.01614583283662796 0.046296294778585434
0 0.4906249940395355 0.0634259283542633 0.012500000186264515 0.034259259700775146
0 0.35885417461395264 0.06666667014360428 0.02187499962747097 0.03703703731298447
0 0.32890623807907104 0.05972222238779068 0.02135416679084301 0.034259259700775146
0 0.29895833134651184 0.05879629775881767 0.02187499962747097 0.03611111268401146
0 0.2940104305744171 0.12453703582286835 0.01927083358168602 0.03611111268401146
0 0.24192708730697632 0.11620370298624039 0.02239583246409893 0.037962961941957474
0 0.11562500149011612 0.0962962955236435 0.02604166604578495 0.03888889029622078
0 0.14348958432674408 0.044907405972480774 0.03072916716337204 0.032407406717538834
0 0.011197916232049465 0.6226851940155029 0.02239583246409893 0.0694444477558136
