0 0.15052083134651184 0.05092592537403107 0.02187499962747097 0.029629629105329514
0 0.22968749701976776 0.05509259179234505 0.02187499962747097 0.032407406717538834
0 0.3018229305744171 0.06481481343507767 0.02239583246409893 0.035185184329748154
0 0.3330729305744171 0.06435184925794601 0.0234375 0.032407406717538834
0 0.3622395694255829 0.06990740448236465 0.0234375 0.03611111268401146
0 0.1197916641831398 0.10231481492519379 0.02708333358168602 0.03981481492519379
0 0.24505208432674408 0.12268518656492233 0.0234375 0.037962961941957474
0 0.2984375059604645 0.12916666269302368 0.01770833320915699 0.034259259700775146
0 0.4346354305744171 0.14074073731899261 0.01614583283662796 0.04259259253740311
0 0.47057291865348816 0.1328703761100769 0.015104166232049465 0.0416666679084301
0 0.49401041865348816 0.06666667014360428 0.01406249962747097 0.03333333507180214
0 0.5104166865348816 0.05740740895271301 0.01875000074505806 0.046296294778585434
0 0.5817708373069763 0.08287037163972855 0.03541666641831398 0.026851851493120193
0 0.7028645873069763 0.10555555671453476 0.02447916753590107 0.040740739554166794
0 0.7221354246139526 0.023148147389292717 0.02656250074505806 0.046296294778585434
0 0.80078125 0.08935185521841049 0.03072916716337204 0.04722222313284874
0 0.8333333134651184 0.017592592164874077 0.02812499925494194 0.035185184329748154
0 0.8635416626930237 0.08472222089767456 0.02500000037252903 0.032407406717538834
0 0.4111979305744171 0.19722221791744232 0.0338541679084301 0.035185184329748154
0 0.0455729179084301 0.24074074625968933 0.03072916716337204 0.04814814776182175
0 0.08359374850988388 0.24351851642131805 0.02968749962747097 0.04814814776182175
0 0.17369791865348816 0.26435184478759766 0.03072916716337204 0.043518517166376114
0 0.23072916269302368 0.26944443583488464 0.02812499925494194 0.04814814776182175
0 0.26510417461395264 0.2796296179294586 0.02291666716337204 0.040740739554166794
0 0.2864583432674408 0.2787036895751953 0.02604166604578495 0.04814814776182175
0 0.35234373807907104 0.2717592716217041 0.02239583246409893 0.043518517166376114
0 0.3947916626930237 0.2796296179294586 0.02083333395421505 0.046296294778585434
0 0.44088542461395264 0.28518518805503845 0.02760416641831398 0.046296294778585434
0 0.5138021111488342 0.2759259343147278 0.02031249925494194 0.05000000074505806
0 0.553906261920929 0.2689814865589142 0.02031249925494194 0.04722222313284874
0 0.6114583611488342 0.2597222328186035 0.02083333395421505 0.034259259700775146
0 0.6486979126930237 0.2560185194015503 0.0234375 0.03981481492519379
0 0.6888020634651184 0.24953703582286835 0.02552083320915699 0.05648148059844971
0 0.7252604365348816 0.24351851642131805 0.02656250074505806 0.05370370298624039
0 0.7447916865348816 0.24074074625968933 0.02291666716337204 0.046296294778585434
0 0.7880208492279053 0.2726851999759674 0.04062499850988388 0.03055555559694767
0 0.8559895753860474 0.21990740299224854 0.02760416641831398 0.04722222313284874
0 0.8778645992279053 0.21805556118488312 0.02552083320915699 0.04537037014961243
0 0.8729166388511658 0.26342591643333435 0.04270833358168602 0.037962961941957474
0 0.9721354246139526 0.20416666567325592 0.03072916716337204 0.037962961941957474
0 0.9765625 0.3087962865829468 0.02604166604578495 0.0416666679084301
0 0.01171875 0.35555556416511536 0.0234375 0.06296296417713165
0 0.12552084028720856 0.40231481194496155 0.03125 0.13425925374031067
0 0.1549479216337204 0.3861111104488373 0.02760416641831398 0.07592592388391495
0 0.1888020783662796 0.4314814805984497 0.0234375 0.0555555559694767
0 0.5234375 0.38055557012557983 0.01979166641831398 0.05925925821065903
0 0.542187511920929 0.37453705072402954 0.02291666716337204 0.05648148059844971
0 0.5658854246139526 0.3708333373069763 0.01406249962747097 0.05092592537403107
0 0.608593761920929 0.36944442987442017 0.01927083358168602 0.046296294778585434
0 0.6473958492279053 0.3652777671813965 0.014583333395421505 0.04537037014961243
0 0.6927083134651184 0.35740742087364197 0.02291666716337204 0.046296294778585434
0 0.7325521111488342 0.3513889014720917 0.02656250074505806 0.04537037014961243
0 0.7734375 0.34259259700775146 0.02395833283662796 0.046296294778585434
0 0.8020833134651184 0.3421296179294586 0.01875000074505806 0.04722222313284874
0 0.8200520873069763 0.33287036418914795 0.02968749962747097 0.05277777835726738
0 0.8973958492279053 0.32592591643333435 0.03229166567325592 0.05370370298624039
0 0.9242187738418579 0.31111112236976624 0.02968749962747097 0.05000000074505806
0 0.891406238079071 0.40046295523643494 0.03802083432674408 0.06203703582286835
0 0.9242187738418579 0.39259257912635803 0.02968749962747097 0.05370370298624039
0 0.9466145634651184 0.38425925374031067 0.02968749962747097 0.051851850003004074
0 0.53125 0.4504629671573639 0.02083333395421505 0.05277777835726738
0 0.555468738079071 0.4495370388031006 0.01927083358168602 0.05277777835726738
0 0.577343761920929 0.4412037134170532 0.02031249925494194 0.06018518656492233
0 0.5989583134651184 0.4416666626930237 0.02187499962747097 0.05370370298624039
0 0.6226562261581421 0.43981480598449707 0.0234375 0.05740740895271301
0 0.6458333134651184 0.4356481432914734 0.02291666716337204 0.05648148059844971
0 0.6716145873069763 0.43009260296821594 0.03697916492819786 0.04722222313284874
0 0.6872395873069763 0.4277777671813965 0.02656250074505806 0.051851850003004074
0 0.7111979126930237 0.41898149251937866 0.02552083320915699 0.05092592537403107
0 0.7302083373069763 0.41527777910232544 0.02395833283662796 0.04537037014961243
0 0.7744791507720947 0.4157407283782959 0.02812499925494194 0.05000000074505806
0 0.796875 0.40925925970077515 0.02916666679084301 0.06111111119389534
0 0.8187500238418579 0.40138888359069824 0.03229166567325592 0.06018518656492233
0 0.8411458134651184 0.4018518626689911 0.02916666679084301 0.06296296417713165
0 0.8148437738418579 0.4800925850868225 0.04114583507180214 0.034259259700775146
0 0.3947916626930237 0.4546296298503876 0.01979166641831398 0.09074074029922485
0 0.4192708432674408 0.4611110985279083 0.01875000074505806 0.06481481343507767
0 0.44453126192092896 0.46064814925193787 0.01927083358168602 0.05462963134050369
0 0.4674479067325592 0.4583333432674408 0.01927083358168602 0.05740740895271301
0 0.49166667461395264 0.4634259343147278 0.01979166641831398 0.05277777835726738
0 0.3669270873069763 0.5319444537162781 0.05260416492819786 0.043518517166376114
0 0.05624999850988388 0.5745370388031006 0.03854166716337204 0.0694444477558136
0 0.10000000149011612 0.5791666507720947 0.03333333507180214 0.07129629701375961
0 0.12291666865348816 0.5861111283302307 0.03854166716337204 0.07962962985038757
0 0.1666666716337204 0.5962963104248047 0.03229166567325592 0.07037036865949631
0 0.19114583730697632 0.5995370149612427 0.03437500074505806 0.06759259104728699
0 0.2161458283662796 0.6027777791023254 0.03437500074505806 0.07037036865949631
0 0.01406249962747097 0.6287037134170532 0.02812499925494194 0.07037036865949631
0 0.04583333432674408 0.6560184955596924 0.0416666679084301 0.07129629701375961
0 0.07057292014360428 0.6574074029922485 0.03802083432674408 0.06851851940155029
0 0.0963541641831398 0.6625000238418579 0.03541666641831398 0.06388889253139496
0 0.12265624850988388 0.6666666865348816 0.03802083432674408 0.06481481343507767
0 0.16614583134651184 0.6791666746139526 0.03541666641831398 0.06759259104728699
0 0.1953125 0.6777777671813965 0.03229166567325592 0.07592592388391495
0 0.34322917461395264 0.6060185432434082 0.02395833283662796 0.07129629701375961
0 0.37031251192092896 0.605555534362793 0.02187499962747097 0.06666667014360428
0 0.4007812440395355 0.6069444417953491 0.02239583246409893 0.06388889253139496
0 0.4481770694255829 0.604629635810852 0.02656250074505806 0.05740740895271301
0 0.47447916865348816 0.5981481671333313 0.02291666716337204 0.05740740895271301
0 0.5028645992279053 0.5962963104248047 0.01822916604578495 0.06481481343507767
0 0.5445312261581421 0.5888888835906982 0.0234375 0.06666667014360428
0 0.5726562738418579 0.5893518328666687 0.02239583246409893 0.06574074178934097
0 0.5994791388511658 0.5856481194496155 0.02187499962747097 0.06203703582286835
0 0.6223958134651184 0.5773147940635681 0.02604166604578495 0.0694444477558136
0 0.6481770873069763 0.5782407522201538 0.02447916753590107 0.06759259104728699
0 0.6692708134651184 0.5712962746620178 0.02604166604578495 0.05370370298624039
0 0.6929687261581421 0.5648148059844971 0.03072916716337204 0.06111111119389534
0 0.7184895873069763 0.5606481432914734 0.0234375 0.05462963134050369
0 0.741406261920929 0.5564814805984497 0.02968749962747097 0.07222222536802292
0 0.5546875 0.6629629731178284 0.02083333395421505 0.05925925821065903
0 0.5822916626930237 0.654629647731781 0.02500000037252903 0.06481481343507767
0 0.6083333492279053 0.654629647731781 0.02500000037252903 0.06851851940155029
0 0.6317708492279053 0.6509259343147278 0.02812499925494194 0.07037036865949631
0 0.6580728888511658 0.6518518328666687 0.02760416641831398 0.06851851940155029
0 0.31302082538604736 0.6759259104728699 0.02604166604578495 0.07592592388391495
0 0.3408854305744171 0.6837962865829468 0.02239583246409893 0.07870370149612427
0 0.36666667461395264 0.6861110925674438 0.02395833283662796 0.06666667014360428
0 0.4229166805744171 0.6805555820465088 0.02291666716337204 0.08518518507480621
0 0.4515624940395355 0.6708333492279053 0.01979166641831398 0.06759259104728699
0 0.4778645932674408 0.6666666865348816 0.02031249925494194 0.05740740895271301
0 0.5065104365348816 0.6675925850868225 0.02239583246409893 0.06481481343507767
0 0.710156261920929 0.6412037014961243 0.03593749925494194 0.07685185223817825
0 0.7380208373069763 0.6370370388031006 0.0364583320915699 0.06481481343507767
0 0.7601562738418579 0.6291666626930237 0.03072916716337204 0.05462963134050369
0 0.78515625 0.6199073791503906 0.03072916716337204 0.06203703582286835
0 0.813281238079071 0.6212962865829468 0.02760416641831398 0.07222222536802292
0 0.8401041626930237 0.6129629611968994 0.03020833246409893 0.07407407462596893
0 0.8630208373069763 0.6152777671813965 0.03020833246409893 0.06759259104728699
0 0.8841145634651184 0.605555534362793 0.03697916492819786 0.07777778059244156
0 0.9106770753860474 0.5981481671333313 0.04010416567325592 0.07777778059244156
0 0.7924479246139526 0.5495370626449585 0.02760416641831398 0.06203703582286835
0 0.8169270753860474 0.5472221970558167 0.03072916716337204 0.06481481343507767
0 0.8424479365348816 0.5476852059364319 0.03281249850988388 0.06759259104728699
0 0.864062488079071 0.5425925850868225 0.02812499925494194 0.05740740895271301
0 0.8895833492279053 0.5319444537162781 0.03229166567325592 0.05833333358168602
0 0.9765625 0.5166666507720947 0.04583333432674408 0.08518518507480621
0 0.9703124761581421 0.5930555462837219 0.04062499850988388 0.08055555820465088
0 0.9085937738418579 0.6861110925674438 0.0546875 0.04259259253740311
0 0.9802083373069763 0.6930555701255798 0.03854166716337204 0.04722222313284874
0 0.40703123807907104 0.7837963104248047 0.05572916567325592 0.06388889253139496
0 0.69140625 0.769444465637207 0.0546875 0.04259259253740311
0 0.02812499925494194 0.8365740776062012 0.05000000074505806 0.09907407313585281
0 0.02786458283662796 0.8365740776062012 0.05052083358168602 0.09907407313585281
0 0.05416666716337204 0.8560185432434082 0.03854166716337204 0.0824074074625969
0 0.08255208283662796 0.8513888716697693 0.03593749925494194 0.07314814627170563
0 0.10859374701976776 0.8620370626449585 0.04010416567325592 0.07592592388391495
0 0.14374999701976776 0.8629629611968994 0.04062499850988388 0.08703703433275223
0 0.17552083730697632 0.8592592477798462 0.0520833320915699 0.11851851642131805
0 0.20859375596046448 0.8972222208976746 0.03072916716337204 0.08148147910833359
0 0.24947915971279144 0.8949074149131775 0.03125 0.09537036716938019
0 0.29765623807907104 0.9004629850387573 0.02968749962747097 0.08425925672054291
0 0.3434895873069763 0.8861111402511597 0.02864583395421505 0.09444444626569748
0 0.38489583134651184 0.894444465637207 0.02187499962747097 0.06851851940155029
0 0.4781250059604645 0.8606481552124023 0.02604166604578495 0.13425925374031067
0 0.5210937261581421 0.8782407641410828 0.02552083320915699 0.08796296268701553
0 0.5916666388511658 0.8666666746139526 0.02812499925494194 0.08703703433275223
0 0.6369791626930237 0.854629635810852 0.03437500074505806 0.08888889104127884
0 0.6877604126930237 0.8569444417953491 0.03177083283662796 0.05833333358168602
0 0.7260416746139526 0.8407407402992249 0.0364583320915699 0.06851851940155029
0 0.8057291507720947 0.8166666626930237 0.0416666679084301 0.09814814478158951
0 0.8453124761581421 0.8222222328186035 0.04374999925494194 0.0833333358168602
0 0.8877604007720947 0.8175926208496094 0.04322916641831398 0.08148147910833359
0 0.9486979246139526 0.8078703880310059 0.0755208358168602 0.08425925672054291
0 0.9708333611488342 0.800000011920929 0.04270833358168602 0.08148147910833359
