0 0.3255208432674408 0.019907407462596893 0.01354166679084301 0.03981481492519379
0 0.34687501192092896 0.022685185074806213 0.01354166679084301 0.04537037014961243
0 0.3674479126930237 0.022685185074806213 0.01406249962747097 0.04537037014961243
0 0.5625 0.023148147389292717 0.012500000186264515 0.046296294778585434
0 0.5830729007720947 0.022685185074806213 0.01197916641831398 0.04537037014961243
0 0.6049479246139526 0.020370369777083397 0.013020833022892475 0.040740739554166794
0 0.6291666626930237 0.021296296268701553 0.01354166679084301 0.04259259253740311
0 0.6520833373069763 0.022685185074806213 0.01354166679084301 0.04537037014961243
0 0.6768229007720947 0.021759258583188057 0.01406249962747097 0.043518517166376114
0 0.7005208134651184 0.021296296268701553 0.01354166679084301 0.04259259253740311
0 0.7270833253860474 0.018518518656492233 0.015625 0.03703703731298447
0 0.800000011920929 0.01805555634200573 0.014583333395421505 0.03611111268401146
0 0.8497396111488342 0.018518518656492233 0.015104166232049465 0.03703703731298447
0 0.9221354126930237 0.017592592164874077 0.01822916604578495 0.035185184329748154
0 0.9111979007720947 0.06435184925794601 0.02968749962747097 0.026851851493120193
0 0.9419270753860474 0.09537036716938019 0.01614583283662796 0.05000000074505806
0 0.9567708373069763 0.1537037044763565 0.01875000074505806 0.05740740895271301
0 0.9841145873069763 0.2680555582046509 0.03072916716337204 0.034259259700775146
0 0.9861978888511658 0.3810185194015503 0.015104166232049465 0.05092592537403107
0 0.981249988079071 0.5037037134170532 0.01666666753590107 0.051851850003004074
0 0.9268229007720947 0.6643518805503845 0.0338541679084301 0.026851851493120193
0 0.7635416388511658 0.6236110925674438 0.03229166567325592 0.02500000037252903
0 0.4945312440395355 0.657870352268219 0.02552083320915699 0.021296296268701553
0 0.2161458283662796 0.6532407402992249 0.03020833246409893 0.02500000037252903
0 0.010416666977107525 0.14212962985038757 0.01666666753590107 0.05277777835726738
0 0.03020833246409893 0.14074073731899261 0.015625 0.051851850003004074
0 0.05572916567325592 0.14305555820465088 0.01666666753590107 0.05277777835726738
0 0.07734374701976776 0.13750000298023224 0.01614583283662796 0.05092592537403107
0 0.1015625 0.14166666567325592 0.015625 0.05000000074505806
0 0.12265624850988388 0.14027777314186096 0.01614583283662796 0.05277777835726738
0 0.16875000298023224 0.1449074000120163 0.014583333395421505 0.05277777835726738
0 0.1927083283662796 0.14351852238178253 0.01354166679084301 0.05000000074505806
0 0.23802083730697632 0.14722222089767456 0.01354166679084301 0.04814814776182175
0 0.25833332538604736 0.14722222089767456 0.01354166679084301 0.04814814776182175
0 0.28072917461395264 0.14259259402751923 0.01354166679084301 0.0555555559694767
0 0.30416667461395264 0.1458333283662796 0.01354166679084301 0.049074072390794754
0 0.32473957538604736 0.14259259402751923 0.015104166232049465 0.05925925821065903
0 0.34817707538604736 0.14722222089767456 0.01406249962747097 0.051851850003004074
0 0.3700520694255829 0.1476851850748062 0.01406249962747097 0.05462963134050369
0 0.41588541865348816 0.1449074000120163 0.013020833022892475 0.05092592537403107
0 0.4416666626930237 0.14166666567325592 0.01354166679084301 0.05740740895271301
0 0.00807291641831398 0.19861111044883728 0.01614583283662796 0.04722222313284874
0 0.02708333358168602 0.19722221791744232 0.015625 0.04259259253740311
0 0.04583333432674408 0.2013888955116272 0.015625 0.04537037014961243
0 0.06223958358168602 0.19861111044883728 0.015104166232049465 0.04722222313284874
0 0.08124999701976776 0.19907407462596893 0.015625 0.051851850003004074
0 0.10104166716337204 0.2013888955116272 0.014583333395421505 0.05092592537403107
0 0.12161458283662796 0.2004629671573639 0.01614583283662796 0.05092592537403107
0 0.1588541716337204 0.19907407462596893 0.015625 0.051851850003004074
0 0.17864583432674408 0.2023148089647293 0.014583333395421505 0.049074072390794754
0 0.1979166716337204 0.20185184478759766 0.014583333395421505 0.04814814776182175
0 0.21640625596046448 0.20555555820465088 0.01406249962747097 0.05000000074505806
0 0.23463541269302368 0.20277777314186096 0.01614583283662796 0.05370370298624039
0 0.25442707538604736 0.20185184478759766 0.01406249962747097 0.04814814776182175
0 0.2747395932674408 0.20185184478759766 0.015104166232049465 0.04814814776182175
0 0.29244792461395264 0.20370370149612427 0.01406249962747097 0.05000000074505806
0 0.3088541626930237 0.20092593133449554 0.01354166679084301 0.04814814776182175
0 0.3291666805744171 0.20185184478759766 0.014583333395421505 0.0555555559694767
0 0.3877604305744171 0.20092593133449554 0.013020833022892475 0.046296294778585434
0 0.4046874940395355 0.20462962985038757 0.012500000186264515 0.04814814776182175
0 0.4234375059604645 0.2074074000120163 0.01354166679084301 0.05740740895271301
0 0.4424479305744171 0.20324073731899261 0.013020833022892475 0.05462963134050369
0 0.4609375 0.19629628956317902 0.01354166679084301 0.05740740895271301
0 0.5596354007720947 0.1953703761100769 0.01197916641831398 0.04814814776182175
0 0.578125 0.20000000298023224 0.012500000186264515 0.04814814776182175
0 0.5966145992279053 0.19768518209457397 0.013020833022892475 0.05462963134050369
0 0.6174479126930237 0.20092593133449554 0.01406249962747097 0.05370370298624039
0 0.6575520634651184 0.19583334028720856 0.01197916641831398 0.049074072390794754
0 0.6755208373069763 0.19398148357868195 0.012500000186264515 0.043518517166376114
0 0.7145833373069763 0.19629628956317902 0.015625 0.05370370298624039
0 0.7338541746139526 0.19953703880310059 0.014583333395421505 0.05462963134050369
0 0.7533854246139526 0.19305555522441864 0.01406249962747097 0.05277777835726738
0 0.7718750238418579 0.19490741193294525 0.014583333395421505 0.05277777835726738
0 0.792187511920929 0.19305555522441864 0.014583333395421505 0.05648148059844971
0 0.8114583492279053 0.19398148357868195 0.01354166679084301 0.05277777835726738
0 0.8317708373069763 0.19490741193294525 0.014583333395421505 0.05092592537403107
0 0.852343738079071 0.19629628956317902 0.01406249962747097 0.05000000074505806
0 0.8674479126930237 0.19027778506278992 0.01406249962747097 0.0416666679084301
0 0.883593738079071 0.19490741193294525 0.01614583283662796 0.05277777835726738
0 0.00963541679084301 0.322685182094574 0.015104166232049465 0.04537037014961243
0 0.02708333358168602 0.3254629671573639 0.01666666753590107 0.04537037014961243
0 0.05494791641831398 0.32407405972480774 0.01406249962747097 0.05000000074505806
0 0.07213541865348816 0.32499998807907104 0.01614583283662796 0.05000000074505806
0 0.10130207985639572 0.3254629671573639 0.01406249962747097 0.049074072390794754
0 0.11666666716337204 0.32407405972480774 0.01354166679084301 0.046296294778585434
0 0.13203124701976776 0.32407405972480774 0.01406249962747097 0.04444444552063942
0 0.16302083432674408 0.32870370149612427 0.01354166679084301 0.04814814776182175
0 0.17890624701976776 0.33009257912635803 0.01406249962747097 0.049074072390794754
0 0.19348958134651184 0.33287036418914795 0.013020833022892475 0.0416666679084301
0 0.22291666269302368 0.33009257912635803 0.012500000186264515 0.04537037014961243
0 0.23828125 0.3254629671573639 0.013020833022892475 0.04722222313284874
0 0.25338542461395264 0.32777777314186096 0.013020833022892475 0.046296294778585434
0 0.2679687440395355 0.3254629671573639 0.01197916641831398 0.04537037014961243
0 0.28333333134651184 0.3296296298503876 0.01145833358168602 0.040740739554166794
0 0.2984375059604645 0.3254629671573639 0.01354166679084301 0.049074072390794754
0 0.31432291865348816 0.32592591643333435 0.013020833022892475 0.046296294778585434
0 0.3291666805744171 0.3254629671573639 0.014583333395421505 0.05277777835726738
0 0.359375 0.3236111104488373 0.01354166679084301 0.05277777835726738
0 0.38984376192092896 0.32685184478759766 0.013020833022892475 0.04814814776182175
0 0.4033854305744171 0.3282407522201538 0.01197916641831398 0.04537037014961243
0 0.4190104305744171 0.33101850748062134 0.01197916641831398 0.05277777835726738
0 0.43359375 0.3291666805744171 0.013020833022892475 0.05092592537403107
0 0.44973957538604736 0.32777777314186096 0.013020833022892475 0.04814814776182175
0 0.04088541492819786 0.3782407343387604 0.01406249962747097 0.0416666679084301
0 0.05703125149011612 0.3787037134170532 0.015104166232049465 0.05000000074505806
0 0.07187499850988388 0.38148146867752075 0.014583333395421505 0.051851850003004074
0 0.08645833283662796 0.38240739703178406 0.014583333395421505 0.046296294778585434
0 0.1028645858168602 0.3828703761100769 0.01614583283662796 0.0416666679084301
0 0.1328125 0.38240739703178406 0.01666666753590107 0.05370370298624039
0 0.17916665971279144 0.385185182094574 0.01354166679084301 0.05000000074505806
0 0.22343750298023224 0.38240739703178406 0.012500000186264515 0.04814814776182175
0 0.23828125 0.3819444477558136 0.01406249962747097 0.04722222313284874
0 0.25338542461395264 0.3810185194015503 0.013020833022892475 0.04722222313284874
0 0.2679687440395355 0.3847222328186035 0.01406249962747097 0.049074072390794754
0 0.28463542461395264 0.3819444477558136 0.013020833022892475 0.05277777835726738
0 0.30000001192092896 0.3787037134170532 0.01354166679084301 0.04814814776182175
0 0.32890623807907104 0.380092591047287 0.013020833022892475 0.05092592537403107
0 0.34375 0.3810185194015503 0.01354166679084301 0.05092592537403107
0 0.3596354126930237 0.38240739703178406 0.013020833022892475 0.04814814776182175
0 0.37421876192092896 0.37962964177131653 0.013020833022892475 0.04814814776182175
0 0.3895833194255829 0.3777777850627899 0.014583333395421505 0.05000000074505806
0 0.4192708432674408 0.38055557012557983 0.01145833358168602 0.046296294778585434
0 0.43437498807907104 0.3847222328186035 0.014583333395421505 0.05462963134050369
0 0.4494791626930237 0.38055557012557983 0.012500000186264515 0.05000000074505806
0 0.4658854305744171 0.37962964177131653 0.013020833022892475 0.051851850003004074
0 0.557812511920929 0.3222222328186035 0.01354166679084301 0.05000000074505806
0 0.5874999761581421 0.3254629671573639 0.01354166679084301 0.05833333358168602
0 0.6184895634651184 0.3263888955116272 0.01197916641831398 0.04722222313284874
0 0.6341145634651184 0.32870370149612427 0.01197916641831398 0.03333333507180214
0 0.663281261920929 0.3282407522201538 0.01406249962747097 0.04722222313284874
0 0.6786458492279053 0.32592591643333435 0.01354166679084301 0.04814814776182175
0 0.6953125 0.32592591643333435 0.012500000186264515 0.05370370298624039
0 0.7096354365348816 0.3236111104488373 0.013020833022892475 0.04722222313284874
0 0.7252604365348816 0.3273148238658905 0.01406249962747097 0.05277777835726738
0 0.7565104365348816 0.3236111104488373 0.013020833022892475 0.049074072390794754
0 0.7716146111488342 0.3212963044643402 0.01406249962747097 0.05370370298624039
0 0.8036458492279053 0.3263888955116272 0.014583333395421505 0.05092592537403107
0 0.8197916746139526 0.3185185194015503 0.014583333395421505 0.05740740895271301
0 0.8354166746139526 0.3231481611728668 0.014583333395421505 0.0555555559694767
0 0.8697916865348816 0.3212963044643402 0.014583333395421505 0.05000000074505806
0 0.5559895634651184 0.380092591047287 0.013020833022892475 0.049074072390794754
0 0.5716145634651184 0.380092591047287 0.01197916641831398 0.04537037014961243
0 0.5859375 0.3791666626930237 0.012500000186264515 0.04537037014961243
0 0.6015625 0.3837963044643402 0.01145833358168602 0.04537037014961243
0 0.617968738079071 0.3819444477558136 0.01197916641831398 0.05277777835726738
0 0.6333333253860474 0.3810185194015503 0.01145833358168602 0.05092592537403107
0 0.6617187261581421 0.38240739703178406 0.013020833022892475 0.05000000074505806
0 0.6937500238418579 0.38240739703178406 0.01354166679084301 0.051851850003004074
0 0.7085937261581421 0.37546294927597046 0.013020833022892475 0.043518517166376114
0 0.7263020873069763 0.3791666626930237 0.013020833022892475 0.04537037014961243
0 0.7408854365348816 0.3782407343387604 0.013020833022892475 0.04722222313284874
0 0.7559896111488342 0.3768518567085266 0.01406249962747097 0.04444444552063942
0 0.7867187261581421 0.37638887763023376 0.01406249962747097 0.05092592537403107
0 0.8192708492279053 0.3787037134170532 0.01354166679084301 0.05370370298624039
0 0.8348958492279053 0.38055557012557983 0.01354166679084301 0.04814814776182175
0 0.8502604365348816 0.38148146867752075 0.015104166232049465 0.05740740895271301
0 0.8677083253860474 0.37962964177131653 0.01666666753590107 0.05925925821065903
0 0.0234375 0.5009258985519409 0.014583333395421505 0.04814814776182175
0 0.04010416567325592 0.49953705072402954 0.01354166679084301 0.04537037014961243
0 0.05546874925494194 0.5037037134170532 0.01406249962747097 0.04814814776182175
0 0.07213541865348816 0.5050926208496094 0.01406249962747097 0.04537037014961243
0 0.0885416641831398 0.5018518567085266 0.015625 0.04814814776182175
0 0.11744792014360428 0.5037037134170532 0.01406249962747097 0.04814814776182175
0 0.13489583134651184 0.5027777552604675 0.014583333395421505 0.040740739554166794
0 0.1640625 0.5032407641410828 0.014583333395421505 0.05092592537403107
0 0.19140625 0.5055555701255798 0.013020833022892475 0.05370370298624039
0 0.20755209028720856 0.5046296119689941 0.015104166232049465 0.05370370298624039
0 0.02239583246409893 0.5601851940155029 0.015625 0.05000000074505806
0 0.05807291716337204 0.5587962865829468 0.015104166232049465 0.04537037014961243
0 0.1041666641831398 0.5601851940155029 0.015625 0.05000000074505806
0 0.13385416567325592 0.5587962865829468 0.015625 0.05092592537403107
0 0.14921875298023224 0.5611110925674438 0.01406249962747097 0.04814814776182175
0 0.1640625 0.5574073791503906 0.012500000186264515 0.04444444552063942
0 0.17916665971279144 0.5611110925674438 0.015625 0.05000000074505806
0 0.20937499403953552 0.5643518567085266 0.01354166679084301 0.05277777835726738
0 0.2526041567325592 0.5060185194015503 0.014583333395421505 0.049074072390794754
0 0.26901042461395264 0.5055555701255798 0.013020833022892475 0.046296294778585434
0 0.23854166269302368 0.5606481432914734 0.012500000186264515 0.04722222313284874
0 0.25312501192092896 0.5597222447395325 0.01354166679084301 0.04537037014961243
0 0.2692708373069763 0.5666666626930237 0.01354166679084301 0.04814814776182175
0 0.29869791865348816 0.510185182094574 0.01406249962747097 0.046296294778585434
0 0.31328123807907104 0.5050926208496094 0.01197916641831398 0.043518517166376114
0 0.2992187440395355 0.5657407641410828 0.01406249962747097 0.04814814776182175
0 0.3135416805744171 0.5592592358589172 0.012500000186264515 0.05000000074505806
0 0.3440104126930237 0.5023148059844971 0.01406249962747097 0.049074072390794754
0 0.35859376192092896 0.5078703761100769 0.013020833022892475 0.0416666679084301
0 0.37447917461395264 0.5074074268341064 0.01354166679084301 0.04814814776182175
0 0.39010417461395264 0.5055555701255798 0.012500000186264515 0.040740739554166794
0 0.40442708134651184 0.5060185194015503 0.01197916641831398 0.043518517166376114
0 0.41874998807907104 0.5037037134170532 0.012500000186264515 0.04444444552063942
0 0.4338541626930237 0.5055555701255798 0.01354166679084301 0.05000000074505806
0 0.4494791626930237 0.5046296119689941 0.01354166679084301 0.04814814776182175
0 0.4664062559604645 0.5055555701255798 0.013020833022892475 0.04259259253740311
0 0.34427082538604736 0.5592592358589172 0.01354166679084301 0.05000000074505806
0 0.35989582538604736 0.5615741014480591 0.012500000186264515 0.049074072390794754
0 0.3747395873069763 0.5638889074325562 0.01406249962747097 0.05000000074505806
0 0.40234375 0.5648148059844971 0.013020833022892475 0.046296294778585434
0 0.43411457538604736 0.5675926208496094 0.013020833022892475 0.051851850003004074
0 0.44973957538604736 0.5587962865829468 0.013020833022892475 0.049074072390794754
0 0.5559895634651184 0.49953705072402954 0.010937499813735485 0.04537037014961243
0 0.5716145634651184 0.5027777552604675 0.013020833022892475 0.05370370298624039
0 0.5869791507720947 0.5046296119689941 0.01145833358168602 0.04259259253740311
0 0.6018229126930237 0.5023148059844971 0.013020833022892475 0.049074072390794754
0 0.6171875 0.5009258985519409 0.012500000186264515 0.04814814776182175
0 0.6468750238418579 0.5064814686775208 0.012500000186264515 0.04444444552063942
0 0.6630208492279053 0.5069444179534912 0.012500000186264515 0.049074072390794754
0 0.6786458492279053 0.5046296119689941 0.012500000186264515 0.04814814776182175
0 0.6940104365348816 0.5032407641410828 0.013020833022892475 0.049074072390794754
0 0.7091146111488342 0.5064814686775208 0.01197916641831398 0.04444444552063942
0 0.7252604365348816 0.5046296119689941 0.013020833022892475 0.04814814776182175
0 0.7562500238418579 0.5050926208496094 0.015625 0.05648148059844971
0 0.7713541388511658 0.5023148059844971 0.012500000186264515 0.04537037014961243
0 0.7867187261581421 0.5046296119689941 0.013020833022892475 0.05370370298624039
0 0.8031250238418579 0.5050926208496094 0.012500000186264515 0.04722222313284874
0 0.8187500238418579 0.5074074268341064 0.012500000186264515 0.04814814776182175
0 0.8338541388511658 0.5064814686775208 0.014583333395421505 0.04444444552063942
0 0.8513020873069763 0.5069444179534912 0.013020833022892475 0.04722222313284874
0 0.8695312738418579 0.5064814686775208 0.015104166232049465 0.051851850003004074
0 0.8846353888511658 0.5074074268341064 0.01406249962747097 0.046296294778585434
0 0.5567708611488342 0.5574073791503906 0.012500000186264515 0.051851850003004074
0 0.5708333253860474 0.5583333373069763 0.012500000186264515 0.04814814776182175
0 0.6005208492279053 0.5597222447395325 0.01145833358168602 0.04537037014961243
0 0.6161458492279053 0.5629629492759705 0.01354166679084301 0.05000000074505806
0 0.6486979126930237 0.5625 0.01406249962747097 0.05092592537403107
0 0.663281261920929 0.5611110925674438 0.01197916641831398 0.046296294778585434
0 0.6783854365348816 0.5592592358589172 0.013020833022892475 0.05000000074505806
0 0.7080729007720947 0.5643518567085266 0.01406249962747097 0.049074072390794754
0 0.7247396111488342 0.5625 0.013020833022892475 0.05277777835726738
0 0.7388020753860474 0.5592592358589172 0.013020833022892475 0.05000000074505806
0 0.7554687261581421 0.5629629492759705 0.013020833022892475 0.05000000074505806
0 0.7716146111488342 0.5625 0.013020833022892475 0.049074072390794754
0 0.7875000238418579 0.5634258985519409 0.012500000186264515 0.05092592537403107
0 0.8033854365348816 0.5601851940155029 0.013020833022892475 0.04814814776182175
0 0.8190104365348816 0.5675926208496094 0.015104166232049465 0.0555555559694767
0 0.08749999850988388 0.7087963223457336 0.014583333395421505 0.04722222313284874
0 0.10260416567325592 0.7111111283302307 0.01770833320915699 0.04814814776182175
0 0.13307291269302368 0.7504629492759705 0.013020833022892475 0.043518517166376114
0 0.16302083432674408 0.7634259462356567 0.014583333395421505 0.049074072390794754
0 0.17812499403953552 0.7648147940635681 0.014583333395421505 0.051851850003004074
0 0.19453124701976776 0.706944465637207 0.015104166232049465 0.05277777835726738
0 0.22369791567325592 0.7064814567565918 0.013020833022892475 0.05370370298624039
0 0.23828125 0.7106481194496155 0.01406249962747097 0.04537037014961243
0 0.2536458373069763 0.7064814567565918 0.01354166679084301 0.05370370298624039
0 0.2684895694255829 0.7087963223457336 0.013020833022892475 0.05092592537403107
0 0.2835937440395355 0.7097222208976746 0.01406249962747097 0.05092592537403107
0 0.26875001192092896 0.7597222328186035 0.01354166679084301 0.049074072390794754
0 0.2994791567325592 0.7643518447875977 0.014583333395421505 0.05092592537403107
0 0.3148437440395355 0.7638888955116272 0.01406249962747097 0.05000000074505806
0 0.3148437440395355 0.7064814567565918 0.01406249962747097 0.05370370298624039
0 0.34322917461395264 0.7060185074806213 0.014583333395421505 0.05277777835726738
0 0.35859376192092896 0.7106481194496155 0.01406249962747097 0.05462963134050369
0 0.3747395873069763 0.7087963223457336 0.013020833022892475 0.04722222313284874
0 0.3747395873069763 0.7662037014961243 0.015104166232049465 0.05092592537403107
0 0.4036458432674408 0.7638888955116272 0.01354166679084301 0.05370370298624039
0 0.40312498807907104 0.7111111283302307 0.012500000186264515 0.046296294778585434
0 0.41848957538604736 0.7111111283302307 0.01197916641831398 0.04444444552063942
0 0.4333333373069763 0.7638888955116272 0.014583333395421505 0.05000000074505806
0 0.4338541626930237 0.706944465637207 0.01354166679084301 0.05277777835726738
0 0.4489583373069763 0.7055555582046509 0.01354166679084301 0.05000000074505806
0 0.5565103888511658 0.7115740776062012 0.013020833022892475 0.049074072390794754
0 0.5718749761581421 0.7097222208976746 0.012500000186264515 0.05092592537403107
0 0.5869791507720947 0.7157407402992249 0.012500000186264515 0.046296294778585434
0 0.6020833253860474 0.7148148417472839 0.01145833358168602 0.04259259253740311
0 0.6171875 0.7111111283302307 0.012500000186264515 0.04814814776182175
0 0.6328125 0.7111111283302307 0.012500000186264515 0.05000000074505806
0 0.6468750238418579 0.7129629850387573 0.012500000186264515 0.04259259253740311
0 0.6638020873069763 0.7148148417472839 0.01406249962747097 0.04444444552063942
0 0.678906261920929 0.7134259343147278 0.013020833022892475 0.04537037014961243
0 0.6947916746139526 0.7120370268821716 0.01354166679084301 0.05000000074505806
0 0.7242187261581421 0.7212963104248047 0.01406249962747097 0.051851850003004074
0 0.7411458492279053 0.7152777910232544 0.01354166679084301 0.043518517166376114
0 0.7567708492279053 0.7143518328666687 0.01354166679084301 0.043518517166376114
0 0.5723958611488342 0.7643518447875977 0.01354166679084301 0.05092592537403107
0 0.6015625 0.7657407522201538 0.01354166679084301 0.051851850003004074
0 0.633593738079071 0.7666666507720947 0.01197916641831398 0.0555555559694767
0 0.6622396111488342 0.7745370268821716 0.013020833022892475 0.05092592537403107
0 0.7877604365348816 0.7722222208976746 0.01406249962747097 0.05740740895271301
0 0.8031250238418579 0.7120370268821716 0.015625 0.051851850003004074
0 0.8192708492279053 0.7138888835906982 0.014583333395421505 0.05370370298624039
0 0.882031261920929 0.7800925970077515 0.013020833022892475 0.04722222313284874
0 0.913281261920929 0.7782407402992249 0.01614583283662796 0.05462963134050369
0 0.11796875298023224 0.8879629373550415 0.015104166232049465 0.0555555559694767
0 0.16380208730697632 0.8865740895271301 0.01614583283662796 0.05277777835726738
0 0.22473958134651184 0.8893518447875977 0.01406249962747097 0.049074072390794754
0 0.2692708373069763 0.8902778029441833 0.014583333395421505 0.05462963134050369
0 0.29869791865348816 0.8949074149131775 0.013020833022892475 0.04537037014961243
0 0.31328123807907104 0.8916666507720947 0.013020833022892475 0.0555555559694767
0 0.328125 0.8916666507720947 0.014583333395421505 0.0555555559694767
0 0.3726562559604645 0.8856481313705444 0.013020833022892475 0.049074072390794754
0 0.46484375 0.8907407522201538 0.013020833022892475 0.046296294778585434
0 0.2841145694255829 0.9439814686775208 0.01406249962747097 0.05092592537403107
0 0.3877604305744171 0.9430555701255798 0.013020833022892475 0.049074072390794754
0 0.40312498807907104 0.9430555701255798 0.014583333395421505 0.05277777835726738
0 0.4333333373069763 0.9435185194015503 0.01354166679084301 0.05000000074505806
0 0.0859375 0.9435185194015503 0.015625 0.05000000074505806
0 0.5864583253860474 0.8888888955116272 0.014583333395421505 0.051851850003004074
0 0.6028645634651184 0.8912037014961243 0.013020833022892475 0.05648148059844971
0 0.632031261920929 0.8907407522201538 0.01406249962747097 0.05370370298624039
0 0.6929687261581421 0.8935185074806213 0.013020833022892475 0.04814814776182175
0 0.725781261920929 0.8972222208976746 0.013020833022892475 0.05370370298624039
0 0.7716146111488342 0.8981481194496155 0.01406249962747097 0.051851850003004074
0 0.9489583373069763 0.9037036895751953 0.015625 0.0555555559694767
0 0.9809895753860474 0.9064815044403076 0.01718750037252903 0.0555555559694767
0 0.5570312738418579 0.9365741014480591 0.015104166232049465 0.07500000298023224
0 0.6489583253860474 0.947685182094574 0.014583333395421505 0.05648148059844971
0 0.6776041388511658 0.9486111402511597 0.014583333395421505 0.05092592537403107
0 0.7093750238418579 0.9495370388031006 0.01354166679084301 0.05277777835726738
0 0.7565104365348816 0.9532407522201538 0.013020833022892475 0.05277777835726738
0 0.789843738079071 0.9523147940635681 0.01406249962747097 0.04722222313284874
0 0.8203125 0.9629629850387573 0.014583333395421505 0.04814814776182175
0 0.05130208283662796 0.021759258583188057 0.015104166232049465 0.043518517166376114
0 0.009114583022892475 0.979629635810852 0.01822916604578495 0.03888889029622078
