0 0.11406250298023224 0.09490741044282913 0.03437500074505806 0.03611111268401146
0 0.11510416865348816 0.13518518209457397 0.02916666679084301 0.03333333507180214
0 0.11510416865348816 0.16990740597248077 0.04062499850988388 0.034259259700775146
0 0.11406250298023224 0.21203704178333282 0.03437500074505806 0.031481482088565826
0 0.11276041716337204 0.25 0.0442708320915699 0.03703703731298447
0 0.11380208283662796 0.2888889014720917 0.03177083283662796 0.02777777798473835
0 0.11354167014360428 0.3305555582046509 0.0364583320915699 0.031481482088565826
0 0.1106770858168602 0.3731481432914734 0.03697916492819786 0.029629629105329514
0 0.11432291567325592 0.40833333134651184 0.0390625 0.03333333507180214
0 0.11223958432674408 0.4791666567325592 0.04218750074505806 0.032407406717538834
0 0.02838541753590107 0.5546296238899231 0.02135416679084301 0.05740740895271301
0 0.00937500037252903 0.5944444537162781 0.01875000074505806 0.031481482088565826
0 0.00963541679084301 0.6333333253860474 0.01927083358168602 0.031481482088565826
0 0.01328125037252903 0.6703703999519348 0.02656250074505806 0.035185184329748154
0 0.014322916977107525 0.7097222208976746 0.02864583395421505 0.03611111268401146
0 0.01614583283662796 0.7546296119689941 0.03229166567325592 0.040740739554166794
0 0.01380208320915699 0.789814829826355 0.02760416641831398 0.031481482088565826
0 0.01666666753590107 0.8314814567565918 0.03333333507180214 0.04259259253740311
0 0.046875 0.8759258985519409 0.02187499962747097 0.06111111119389534
0 0.01197916641831398 0.8703703880310059 0.02395833283662796 0.035185184329748154
0 0.00989583320915699 0.907870352268219 0.01979166641831398 0.032407406717538834
0 0.0481770820915699 0.9648148417472839 0.0234375 0.06851851940155029
0 0.011197916232049465 0.9611111283302307 0.02239583246409893 0.031481482088565826
0 0.11770833283662796 0.7384259104728699 0.04895833507180214 0.03611111268401146
0 0.11822916567325592 0.7842592597007751 0.0364583320915699 0.031481482088565826
0 0.11822916567325592 0.8222222328186035 0.0364583320915699 0.035185184329748154
0 0.11692707985639572 0.8615740537643433 0.04843749850988388 0.037962961941957474
0 0.12161458283662796 0.8995370268821716 0.0338541679084301 0.03055555559694767
0 0.12083332985639572 0.9347222447395325 0.03854166716337204 0.03611111268401146
0 0.23125000298023224 0.06064814701676369 0.03958333283662796 0.034259259700775146
0 0.23125000298023224 0.0972222238779068 0.0364583320915699 0.031481482088565826
0 0.1979166716337204 0.17175926268100739 0.03958333283662796 0.03611111268401146
0 0.19505208730697632 0.2092592567205429 0.03593749925494194 0.03333333507180214
0 0.20000000298023224 0.2527777850627899 0.03541666641831398 0.031481482088565826
0 0.23984375596046448 0.2518518567085266 0.0442708320915699 0.03333333507180214
0 0.19687500596046448 0.29398149251937866 0.03958333283662796 0.034259259700775146
0 0.24244791269302368 0.2925925850868225 0.03281249850988388 0.029629629105329514
0 0.24114583432674408 0.33194443583488464 0.03750000149011612 0.03055555559694767
0 0.19765624403953552 0.3722222149372101 0.03489583358168602 0.031481482088565826
0 0.2395833283662796 0.3712962865829468 0.0416666679084301 0.031481482088565826
0 0.20078125596046448 0.40925925970077515 0.04010416567325592 0.031481482088565826
0 0.19635416567325592 0.44675925374031067 0.03958333283662796 0.032407406717538834
0 0.24114583432674408 0.4481481611728668 0.0364583320915699 0.031481482088565826
0 0.19713541865348816 0.5273148417472839 0.04010416567325592 0.032407406717538834
0 0.23984375596046448 0.5222222208976746 0.04218750074505806 0.031481482088565826
0 0.19374999403953552 0.5680555701255798 0.03437500074505806 0.028703704476356506
0 0.23723958432674408 0.5648148059844971 0.03802083432674408 0.03333333507180214
0 0.19583334028720856 0.602314829826355 0.03750000149011612 0.03055555559694767
0 0.23880209028720856 0.602314829826355 0.03802083432674408 0.03055555559694767
0 0.1979166716337204 0.6412037014961243 0.04062499850988388 0.034259259700775146
0 0.24296875298023224 0.6384259462356567 0.0338541679084301 0.03055555559694767
0 0.19895833730697632 0.6805555820465088 0.03750000149011612 0.029629629105329514
0 0.24375000596046448 0.6810185313224792 0.04062499850988388 0.03055555559694767
0 0.19947916269302368 0.7189815044403076 0.04374999925494194 0.03611111268401146
0 0.20156249403953552 0.7587962746620178 0.03333333507180214 0.03055555559694767
0 0.24270834028720856 0.7574074268341064 0.03750000149011612 0.035185184329748154
0 0.20156249403953552 0.7995370626449585 0.04479166492819786 0.034259259700775146
0 0.24296875298023224 0.793055534362793 0.03593749925494194 0.03055555559694767
0 0.24687500298023224 0.8333333134651184 0.03750000149011612 0.031481482088565826
0 0.19895833730697632 0.8777777552604675 0.03958333283662796 0.03333333507180214
0 0.24322916567325592 0.8736110925674438 0.03750000149011612 0.034259259700775146
0 0.2408854216337204 0.914814829826355 0.04322916641831398 0.03333333507180214
0 0.20468750596046448 0.9513888955116272 0.046875 0.037962961941957474
0 0.19869790971279144 0.9884259104728699 0.04322916641831398 0.021296296268701553
0 0.31588542461395264 0.06064814701676369 0.03593749925494194 0.034259259700775146
0 0.35859376192092896 0.05787036940455437 0.04114583507180214 0.03611111268401146
0 0.31848958134651184 0.09861110895872116 0.04114583507180214 0.03611111268401146
0 0.3609375059604645 0.0972222238779068 0.03750000149011612 0.035185184329748154
0 0.3218750059604645 0.13518518209457397 0.04479166492819786 0.035185184329748154
0 0.3609375059604645 0.13518518209457397 0.03125 0.031481482088565826
0 0.3643229305744171 0.17175926268100739 0.03802083432674408 0.03611111268401146
0 0.32499998807907104 0.20787036418914795 0.0364583320915699 0.028703704476356506
0 0.3708333373069763 0.21111111342906952 0.04791666567325592 0.03333333507180214
0 0.3255208432674408 0.2481481432914734 0.03333333507180214 0.029629629105329514
0 0.3682291805744171 0.2532407343387604 0.03958333283662796 0.034259259700775146
0 0.3244791626930237 0.2898148000240326 0.04062499850988388 0.029629629105329514
0 0.3684895932674408 0.29212963581085205 0.03072916716337204 0.028703704476356506
0 0.32473957538604736 0.33009257912635803 0.04322916641831398 0.034259259700775146
0 0.32213541865348816 0.3712962865829468 0.04322916641831398 0.031481482088565826
0 0.3656249940395355 0.36759260296821594 0.03541666641831398 0.029629629105329514
0 0.3231770694255829 0.4097222089767456 0.03697916492819786 0.034259259700775146
0 0.36380207538604736 0.40509259700775146 0.03281249850988388 0.03055555559694767
0 0.3255208432674408 0.44675925374031067 0.03958333283662796 0.03055555559694767
0 0.32421875 0.4842592477798462 0.03593749925494194 0.029629629105329514
0 0.36119791865348816 0.4749999940395355 0.03177083283662796 0.02777777798473835
0 0.32499998807907104 0.5222222208976746 0.03750000149011612 0.03333333507180214
0 0.3684895932674408 0.5189814567565918 0.04114583507180214 0.034259259700775146
0 0.3257812559604645 0.5625 0.04010416567325592 0.032407406717538834
0 0.3708333373069763 0.5597222447395325 0.03750000149011612 0.032407406717538834
0 0.3265624940395355 0.6000000238418579 0.03958333283662796 0.031481482088565826
0 0.32630208134651184 0.6412037014961243 0.0338541679084301 0.028703704476356506
0 0.3669270873069763 0.635185182094574 0.03489583358168602 0.031481482088565826
0 0.3239583373069763 0.6782407164573669 0.03958333283662796 0.03055555559694767
0 0.3643229305744171 0.6736111044883728 0.03593749925494194 0.032407406717538834
0 0.3669270873069763 0.7129629850387573 0.04010416567325592 0.035185184329748154
0 0.32421875 0.7546296119689941 0.0390625 0.035185184329748154
0 0.3278645873069763 0.7939814925193787 0.03177083283662796 0.03055555559694767
0 0.3669270873069763 0.7893518805503845 0.03802083432674408 0.032407406717538834
0 0.3309895694255829 0.8305555582046509 0.04322916641831398 0.035185184329748154
0 0.36640626192092896 0.8685185313224792 0.03802083432674408 0.03888889029622078
0 0.3265624940395355 0.8745370507240295 0.03229166567325592 0.03055555559694767
0 0.3682291805744171 0.9064815044403076 0.04583333432674408 0.03703703731298447
0 0.32734376192092896 0.9472222328186035 0.04114583507180214 0.03888889029622078
0 0.37031251192092896 0.9810185432434082 0.03854166716337204 0.03611111268401146
0 0.328125 0.9837962985038757 0.03437500074505806 0.03055555559694767
0 0.4476562440395355 0.05601852014660835 0.0442708320915699 0.034259259700775146
0 0.4919270873069763 0.0555555559694767 0.03177083283662796 0.031481482088565826
0 0.4442708194255829 0.09583333134651184 0.03437500074505806 0.032407406717538834
0 0.48776042461395264 0.09166666865348816 0.0390625 0.035185184329748154
0 0.4481770694255829 0.1319444477558136 0.04010416567325592 0.03611111268401146
0 0.4841145873069763 0.17175926268100739 0.03593749925494194 0.034259259700775146
0 0.4437499940395355 0.17222222685813904 0.03333333507180214 0.03333333507180214
0 0.4453125 0.2092592567205429 0.03750000149011612 0.031481482088565826
0 0.4867187440395355 0.20879629254341125 0.03593749925494194 0.03055555559694767
0 0.44583332538604736 0.24861110746860504 0.03333333507180214 0.03055555559694767
0 0.48515623807907104 0.24722221493721008 0.03593749925494194 0.031481482088565826
0 0.4677083194255829 0.2888889014720917 0.07708333432674408 0.029629629105329514
0 0.47343748807907104 0.2874999940395355 0.06875000149011612 0.032407406717538834
0 0.4476562440395355 0.3282407522201538 0.03593749925494194 0.03055555559694767
0 0.48776042461395264 0.32777777314186096 0.03802083432674408 0.031481482088565826
0 0.4466145932674408 0.36759260296821594 0.03593749925494194 0.031481482088565826
0 0.4440104067325592 0.40509259700775146 0.03802083432674408 0.032407406717538834
0 0.49036458134651184 0.4009259343147278 0.03697916492819786 0.031481482088565826
0 0.4898437559604645 0.4384259283542633 0.04218750074505806 0.03055555559694767
0 0.4489583373069763 0.442592591047287 0.03750000149011612 0.03333333507180214
0 0.44973957538604736 0.4828703701496124 0.0390625 0.028703704476356506
0 0.4481770694255829 0.519444465637207 0.0390625 0.031481482088565826
0 0.48880207538604736 0.5175926089286804 0.0338541679084301 0.029629629105329514
0 0.4515624940395355 0.5564814805984497 0.0364583320915699 0.029629629105329514
0 0.49140626192092896 0.5550925731658936 0.0390625 0.032407406717538834
0 0.45234376192092896 0.5925925970077515 0.0390625 0.02777777798473835
0 0.4934895932674408 0.5925925970077515 0.03072916716337204 0.025925925001502037
0 0.4518229067325592 0.6310185194015503 0.0390625 0.028703704476356506
0 0.4544270932674408 0.6712962985038757 0.04114583507180214 0.035185184329748154
0 0.4963541626930237 0.6657407283782959 0.04062499850988388 0.031481482088565826
0 0.4507812559604645 0.7111111283302307 0.03802083432674408 0.029629629105329514
0 0.49140626192092896 0.7097222208976746 0.03697916492819786 0.032407406717538834
0 0.45364582538604736 0.7495370507240295 0.03541666641831398 0.03055555559694767
0 0.44869792461395264 0.7888888716697693 0.03697916492819786 0.031481482088565826
0 0.4911458194255829 0.7814815044403076 0.03437500074505806 0.03333333507180214
0 0.4533854126930237 0.8254629373550415 0.04010416567325592 0.034259259700775146
0 0.4973958432674408 0.8199074268341064 0.04062499850988388 0.034259259700775146
0 0.4520833194255829 0.8652777671813965 0.04374999925494194 0.03611111268401146
0 0.49296873807907104 0.8615740537643433 0.03593749925494194 0.032407406717538834
0 0.45390623807907104 0.9055555462837219 0.03593749925494194 0.029629629105329514
0 0.4505208432674408 0.9430555701255798 0.0364583320915699 0.034259259700775146
0 0.49166667461395264 0.9398148059844971 0.0364583320915699 0.03333333507180214
0 0.4515624940395355 0.9824073910713196 0.0416666679084301 0.03333333507180214
0 0.49166667461395264 0.9782407283782959 0.03125 0.028703704476356506
0 0.5638020634651184 0.015277777798473835 0.03177083283662796 0.03055555559694767
0 0.6026041507720947 0.016203703358769417 0.03750000149011612 0.032407406717538834
0 0.5682291388511658 0.05138888955116272 0.03541666641831398 0.032407406717538834
0 0.6036458611488342 0.05231481418013573 0.03333333507180214 0.03055555559694767
0 0.5679687261581421 0.08888889104127884 0.03802083432674408 0.03333333507180214
0 0.6059895753860474 0.08796296268701553 0.0338541679084301 0.03333333507180214
0 0.5601562261581421 0.1310185194015503 0.04531250149011612 0.037962961941957474
0 0.604687511920929 0.1259259283542633 0.03750000149011612 0.035185184329748154
0 0.6057291626930237 0.16435185074806213 0.03229166567325592 0.03055555559694767
0 0.5645833611488342 0.2083333283662796 0.03333333507180214 0.029629629105329514
0 0.6039062738418579 0.20277777314186096 0.0390625 0.035185184329748154
0 0.6070312261581421 0.24629630148410797 0.04218750074505806 0.031481482088565826
0 0.6479166746139526 0.1953703761100769 0.01875000074505806 0.07777778059244156
0 0.571093738079071 0.2888889014720917 0.03489583358168602 0.03333333507180214
0 0.5687500238418579 0.3231481611728668 0.04062499850988388 0.031481482088565826
0 0.608593761920929 0.3231481611728668 0.03593749925494194 0.035185184329748154
0 0.6114583611488342 0.35972222685813904 0.03854166716337204 0.032407406717538834
0 0.6507812738418579 0.3351851999759674 0.01718750037252903 0.06666667014360428
0 0.5708333253860474 0.40231481194496155 0.04270833358168602 0.032407406717538834
0 0.6104166507720947 0.39907407760620117 0.03333333507180214 0.02777777798473835
0 0.6096354126930237 0.4356481432914734 0.0390625 0.028703704476356506
0 0.6075521111488342 0.4773148000240326 0.04114583507180214 0.034259259700775146
0 0.6135416626930237 0.5175926089286804 0.0364583320915699 0.031481482088565826
0 0.5718749761581421 0.5189814567565918 0.03437500074505806 0.03055555559694767
0 0.5713541507720947 0.5560185313224792 0.03854166716337204 0.028703704476356506
0 0.5729166865348816 0.5902777910232544 0.03437500074505806 0.03055555559694767
0 0.6119791865348816 0.5893518328666687 0.03750000149011612 0.03055555559694767
0 0.5700520873069763 0.6634259223937988 0.03489583358168602 0.032407406717538834
0 0.6104166507720947 0.664814829826355 0.0416666679084301 0.031481482088565826
0 0.6039062738418579 0.7351852059364319 0.04218750074505806 0.031481482088565826
0 0.6052083373069763 0.7763888835906982 0.03854166716337204 0.03055555559694767
0 0.606249988079071 0.8199074268341064 0.03750000149011612 0.03055555559694767
0 0.5713541507720947 0.8587962985038757 0.03750000149011612 0.034259259700775146
0 0.5697916746139526 0.8986111283302307 0.03541666641831398 0.03055555559694767
0 0.6104166507720947 0.8958333134651184 0.03854166716337204 0.032407406717538834
0 0.5723958611488342 0.9347222447395325 0.03958333283662796 0.034259259700775146
0 0.6127604246139526 0.9402777552604675 0.03593749925494194 0.032407406717538834
0 0.5687500238418579 0.9745370149612427 0.03750000149011612 0.032407406717538834
0 0.6106770634651184 0.977314829826355 0.03489583358168602 0.034259259700775146
0 0.6911458373069763 0.013425925746560097 0.0364583320915699 0.026851851493120193
0 0.7294270992279053 0.011574073694646358 0.04010416567325592 0.023148147389292717
0 0.6872395873069763 0.051851850003004074 0.0390625 0.035185184329748154
0 0.7299479246139526 0.04814814776182175 0.03697916492819786 0.03333333507180214
0 0.6901041865348816 0.08935185521841049 0.0416666679084301 0.032407406717538834
0 0.7377604246139526 0.08935185521841049 0.04531250149011612 0.03611111268401146
0 0.7286458611488342 0.1268518567085266 0.0416666679084301 0.035185184329748154
0 0.729687511920929 0.16388888657093048 0.03958333283662796 0.035185184329748154
0 0.7291666865348816 0.20185184478759766 0.03750000149011612 0.035185184329748154
0 0.690625011920929 0.24074074625968933 0.03750000149011612 0.03333333507180214
0 0.7322916388511658 0.24074074625968933 0.03958333283662796 0.03333333507180214
0 0.6895833611488342 0.2777777910232544 0.04062499850988388 0.03333333507180214
0 0.7341145873069763 0.27824074029922485 0.04322916641831398 0.034259259700775146
0 0.7283853888511658 0.3194444477558136 0.04010416567325592 0.03333333507180214
0 0.6856771111488342 0.3560185134410858 0.04010416567325592 0.032407406717538834
0 0.7263020873069763 0.35740742087364197 0.0338541679084301 0.031481482088565826
0 0.6898437738418579 0.4333333373069763 0.03489583358168602 0.029629629105329514
0 0.7307291626930237 0.43194442987442017 0.03750000149011612 0.032407406717538834
0 0.6916666626930237 0.5115740895271301 0.03958333283662796 0.032407406717538834
0 0.6916666626930237 0.5486111044883728 0.03437500074505806 0.028703704476356506
0 0.7320312261581421 0.5504629611968994 0.0338541679084301 0.032407406717538834
0 0.729687511920929 0.5847222208976746 0.03750000149011612 0.03055555559694767
0 0.6937500238418579 0.6240741014480591 0.0416666679084301 0.031481482088565826
0 0.6940104365348816 0.6615740656852722 0.03697916492819786 0.03055555559694767
0 0.7338541746139526 0.699999988079071 0.0416666679084301 0.03888889029622078
0 0.6940104365348816 0.7435185313224792 0.03802083432674408 0.035185184329748154
0 0.7356770634651184 0.7407407164573669 0.04114583507180214 0.035185184329748154
0 0.6929687261581421 0.779629647731781 0.03802083432674408 0.03333333507180214
0 0.7346354126930237 0.8138889074325562 0.04218750074505806 0.03333333507180214
0 0.6955729126930237 0.8527777791023254 0.04010416567325592 0.035185184329748154
0 0.6979166865348816 0.8990740776062012 0.04062499850988388 0.031481482088565826
0 0.7338541746139526 0.9296296238899231 0.03854166716337204 0.03703703731298447
0 0.7354166507720947 0.9708333611488342 0.03958333283662796 0.034259259700775146
0 0.8138020634651184 0.043518517166376114 0.04322916641831398 0.035185184329748154
0 0.8169270753860474 0.08148147910833359 0.0390625 0.035185184329748154
0 0.8614583611488342 0.1467592567205429 0.01979166641831398 0.06018518656492233
0 0.921093761920929 0.4962962865829468 0.04114583507180214 0.03333333507180214
0 0.932812511920929 0.5379629731178284 0.05520833283662796 0.03333333507180214
0 0.9338541626930237 0.5777778029441833 0.0416666679084301 0.031481482088565826
0 0.8119791746139526 0.5949074029922485 0.0416666679084301 0.03611111268401146
0 0.9283854365348816 0.6212962865829468 0.03593749925494194 0.031481482088565826
0 0.8151041865348816 0.6370370388031006 0.0364583320915699 0.03333333507180214
0 0.9333333373069763 0.6615740656852722 0.0364583320915699 0.03055555559694767
0 0.8174479007720947 0.6754629611968994 0.0390625 0.032407406717538834
0 0.9296875 0.7023147940635681 0.03854166716337204 0.032407406717538834
0 0.8598958253860474 0.7421296238899231 0.02083333395421505 0.06388889253139496
0 0.9364583492279053 0.7444444298744202 0.05833333358168602 0.03888889029622078
0 0.8950520753860474 0.7564814686775208 0.02135416679084301 0.06851851940155029
0 0.9375 0.7879629731178284 0.05624999850988388 0.03888889029622078
0 0.8161458373069763 0.7879629731178284 0.03541666641831398 0.035185184329748154
0 0.8182291388511658 0.8282407522201538 0.03541666641831398 0.032407406717538834
0 0.9057291746139526 0.8481481671333313 0.0364583320915699 0.06851851940155029
0 0.8197916746139526 0.8652777671813965 0.04270833358168602 0.03611111268401146
0 0.8208333253860474 0.9791666865348816 0.04374999925494194 0.03981481492519379
0 0.011197916232049465 0.02083333395421505 0.02239583246409893 0.0416666679084301
0 0.008333333767950535 0.06759259104728699 0.01666666753590107 0.031481482088565826
0 0.007552083116024733 0.1041666641831398 0.015104166232049465 0.034259259700775146
0 0.006770833395421505 0.14212962985038757 0.01354166679084301 0.034259259700775146
0 0.00390625 0.1796296238899231 0.0078125 0.025925925001502037
0 0.007552083116024733 0.21574074029922485 0.015104166232049465 0.031481482088565826
0 0.008854166604578495 0.2541666626930237 0.01770833320915699 0.034259259700775146
0 0.011197916232049465 0.2944444417953491 0.02239583246409893 0.035185184329748154
0 0.007552083116024733 0.3361110985279083 0.015104166232049465 0.029629629105329514
0 0.011197916232049465 0.37037035822868347 0.02239583246409893 0.03333333507180214
0 0.00807291641831398 0.40925925970077515 0.01614583283662796 0.029629629105329514
0 0.008854166604578495 0.44305557012557983 0.01770833320915699 0.03055555559694767
0 0.00963541679084301 0.48055556416511536 0.01927083358168602 0.029629629105329514
0 0.008854166604578495 0.5212963223457336 0.01770833320915699 0.029629629105329514
0 0.008333333767950535 0.5578703880310059 0.01666666753590107 0.03055555559694767
0 0.19713541865348816 0.13240741193294525 0.04114583507180214 0.046296294778585434
0 0.11276041716337204 0.05694444477558136 0.04531250149011612 0.037962961941957474
0 0.9247395992279053 0.39953702688217163 0.04218750074505806 0.034259259700775146
