0 0.2174479216337204 0.026851851493120193 0.01718750037252903 0.05370370298624039
0 0.2953124940395355 0.04722222313284874 0.02395833283662796 0.024074073880910873
0 0.7723958492279053 0.04537037014961243 0.02500000037252903 0.029629629105329514
0 0.7565104365348816 0.10138888657093048 0.02760416641831398 0.026851851493120193
0 0.7554687261581421 0.12916666269302368 0.02968749962747097 0.02500000037252903
0 0.7562500238418579 0.1546296328306198 0.02604166604578495 0.025925925001502037
0 0.7552083134651184 0.1814814805984497 0.02812499925494194 0.024074073880910873
0 0.7578125 0.2083333283662796 0.02708333358168602 0.025925925001502037
0 0.671093761920929 0.15740740299224854 0.02552083320915699 0.024074073880910873
0 0.6979166865348816 0.15416666865348816 0.02708333358168602 0.023148147389292717
0 0.6690104007720947 0.1865740716457367 0.02760416641831398 0.02500000037252903
0 0.6979166865348816 0.18333333730697632 0.02395833283662796 0.02222222276031971
0 0.6705729365348816 0.21250000596046448 0.02864583395421505 0.021296296268701553
0 0.7026041746139526 0.2134259194135666 0.02916666679084301 0.023148147389292717
0 0.6966145634651184 0.23935185372829437 0.02864583395421505 0.021296296268701553
0 0.6971353888511658 0.2638888955116272 0.02656250074505806 0.024074073880910873
0 0.6963541507720947 0.29120370745658875 0.02604166604578495 0.02500000037252903
0 0.6690104007720947 0.317592591047287 0.02447916753590107 0.02222222276031971
0 0.6981770992279053 0.317592591047287 0.02656250074505806 0.02222222276031971
0 0.668749988079071 0.34259259700775146 0.02708333358168602 0.024074073880910873
0 0.6986979246139526 0.34398147463798523 0.02968749962747097 0.02500000037252903
0 0.6947916746139526 0.3717592656612396 0.02812499925494194 0.023148147389292717
0 0.6643229126930237 0.3976851999759674 0.02447916753590107 0.021296296268701553
0 0.6934896111488342 0.3986110985279083 0.02447916753590107 0.021296296268701553
0 0.6682291626930237 0.4504629671573639 0.02604166604578495 0.021296296268701553
0 0.6955729126930237 0.44999998807907104 0.02656250074505806 0.02222222276031971
0 0.668749988079071 0.5050926208496094 0.02708333358168602 0.021296296268701553
0 0.66796875 0.5180555582046509 0.02447916753590107 0.043518517166376114
0 0.6966145634651184 0.529629647731781 0.02239583246409893 0.020370369777083397
0 0.6940104365348816 0.5546296238899231 0.02656250074505806 0.02222222276031971
0 0.668749988079071 0.581944465637207 0.02916666679084301 0.02500000037252903
0 0.668749988079071 0.6078703999519348 0.02604166604578495 0.023148147389292717
0 0.6963541507720947 0.6347222328186035 0.02812499925494194 0.02500000037252903
0 0.6684895753860474 0.664814829826355 0.02552083320915699 0.024074073880910873
0 0.6971353888511658 0.6625000238418579 0.02864583395421505 0.02500000037252903
0 0.6677083373069763 0.6893518567085266 0.02500000037252903 0.023148147389292717
0 0.6958333253860474 0.7134259343147278 0.02916666679084301 0.02500000037252903
0 0.6690104007720947 0.7407407164573669 0.02760416641831398 0.024074073880910873
0 0.6700521111488342 0.7712963223457336 0.02760416641831398 0.02222222276031971
0 0.6950520873069763 0.793055534362793 0.02656250074505806 0.026851851493120193
0 0.6958333253860474 0.8212962746620178 0.02708333358168602 0.025925925001502037
0 0.6723958253860474 0.8495370149612427 0.03541666641831398 0.026851851493120193
0 0.7690104246139526 0.5189814567565918 0.01927083358168602 0.04722222313284874
0 0.7510416507720947 0.5643518567085266 0.02812499925494194 0.02500000037252903
0 0.7528645992279053 0.5935184955596924 0.02552083320915699 0.025925925001502037
0 0.7541666626930237 0.6194444298744202 0.02708333358168602 0.02222222276031971
0 0.7526041865348816 0.6972222328186035 0.02395833283662796 0.024074073880910873
0 0.7541666626930237 0.7259259223937988 0.02500000037252903 0.02222222276031971
0 0.754687488079071 0.75 0.02916666679084301 0.025925925001502037
0 0.7544270753860474 0.8305555582046509 0.03072916716337204 0.031481482088565826
0 0.7523437738418579 0.8597221970558167 0.02447916753590107 0.021296296268701553
0 0.7505208253860474 0.8837962746620178 0.02395833283662796 0.021296296268701553
0 0.80859375 0.8861111402511597 0.02447916753590107 0.04259259253740311
0 0.8828125 0.9439814686775208 0.02500000037252903 0.023148147389292717
0 0.9174479246139526 0.9879629611968994 0.02864583395421505 0.02222222276031971
0 0.85546875 0.9912037253379822 0.02656250074505806 0.015740741044282913
0 0.19817708432674408 0.9624999761581421 0.0234375 0.04537037014961243
0 0.27031248807907104 0.8722222447395325 0.03333333507180214 0.025925925001502037
0 0.26875001192092896 0.8462963104248047 0.03020833246409893 0.02777777798473835
0 0.33020833134651184 0.7995370626449585 0.03229166567325592 0.026851851493120193
0 0.3257812559604645 0.8277778029441833 0.02760416641831398 0.024074073880910873
0 0.35598957538604736 0.8513888716697693 0.02968749962747097 0.026851851493120193
0 0.35598957538604736 0.7745370268821716 0.02760416641831398 0.021296296268701553
0 0.3567708432674408 0.7476851940155029 0.02604166604578495 0.02500000037252903
0 0.32630208134651184 0.7490741014480591 0.02760416641831398 0.02222222276031971
0 0.3596354126930237 0.7175925970077515 0.02447916753590107 0.02222222276031971
0 0.32890623807907104 0.6944444179534912 0.03072916716337204 0.024074073880910873
0 0.3578124940395355 0.6666666865348816 0.02500000037252903 0.024074073880910873
0 0.3291666805744171 0.6666666865348816 0.02395833283662796 0.02222222276031971
0 0.3278645873069763 0.6388888955116272 0.02968749962747097 0.024074073880910873
0 0.35885417461395264 0.6120370626449585 0.02916666679084301 0.02222222276031971
0 0.3278645873069763 0.6120370626449585 0.02552083320915699 0.020370369777083397
0 0.3583333194255829 0.5833333134651184 0.02395833283662796 0.02222222276031971
0 0.3268229067325592 0.5740740895271301 0.02760416641831398 0.04444444552063942
0 0.35755208134651184 0.5592592358589172 0.02447916753590107 0.020370369777083397
0 0.3265624940395355 0.550000011920929 0.02708333358168602 0.040740739554166794
0 0.3567708432674408 0.532870352268219 0.02291666716337204 0.021296296268701553
0 0.32499998807907104 0.5351851582527161 0.02395833283662796 0.020370369777083397
0 0.3278645873069763 0.5069444179534912 0.02760416641831398 0.023148147389292717
0 0.3570312559604645 0.5046296119689941 0.02656250074505806 0.02222222276031971
0 0.32760417461395264 0.45092591643333435 0.02812499925494194 0.024074073880910873
0 0.3583333194255829 0.45370370149612427 0.02500000037252903 0.020370369777083397
0 0.33020833134651184 0.42500001192092896 0.02708333358168602 0.020370369777083397
0 0.32864582538604736 0.39907407760620117 0.02500000037252903 0.02222222276031971
0 0.35859376192092896 0.39907407760620117 0.02656250074505806 0.02222222276031971
0 0.36015623807907104 0.3722222149372101 0.02239583246409893 0.020370369777083397
0 0.33125001192092896 0.3740740716457367 0.02708333358168602 0.020370369777083397
0 0.36015623807907104 0.34583333134651184 0.02239583246409893 0.021296296268701553
0 0.32890623807907104 0.3462963104248047 0.02656250074505806 0.024074073880910873
0 0.3591145873069763 0.31805557012557983 0.02864583395421505 0.021296296268701553
0 0.33020833134651184 0.3166666626930237 0.02395833283662796 0.020370369777083397
0 0.32734376192092896 0.2874999940395355 0.02447916753590107 0.023148147389292717
0 0.3291666805744171 0.2606481611728668 0.02604166604578495 0.023148147389292717
0 0.32864582538604736 0.23240740597248077 0.02708333358168602 0.025925925001502037
0 0.3531250059604645 0.18425926566123962 0.02708333358168602 0.024074073880910873
0 0.3526041805744171 0.2092592567205429 0.02604166604578495 0.024074073880910873
0 0.2705729305744171 0.17870371043682098 0.03177083283662796 0.025925925001502037
0 0.2710937559604645 0.20555555820465088 0.0234375 0.024074073880910873
0 0.27161458134651184 0.23333333432674408 0.01927083358168602 0.02222222276031971
0 0.2718749940395355 0.2587963044643402 0.02604166604578495 0.021296296268701553
0 0.2718749940395355 0.28796297311782837 0.02083333395421505 0.02222222276031971
0 0.26953125 0.31388887763023376 0.02968749962747097 0.025925925001502037
0 0.26953125 0.34074074029922485 0.02031249925494194 0.018518518656492233
0 0.2697916626930237 0.3689814805984497 0.02500000037252903 0.023148147389292717
0 0.2679687440395355 0.39953702688217163 0.02552083320915699 0.023148147389292717
0 0.2692708373069763 0.4236111044883728 0.02708333358168602 0.021296296268701553
0 0.27161458134651184 0.47175925970077515 0.02135416679084301 0.021296296268701553
0 0.22604165971279144 0.5375000238418579 0.014583333395421505 0.04722222313284874
0 0.27135416865348816 0.6518518328666687 0.03125 0.025925925001502037
0 0.2705729305744171 0.6824073791503906 0.02552083320915699 0.024074073880910873
0 0.22473958134651184 0.7083333134651184 0.01406249962747097 0.04259259253740311
0 0.2705729305744171 0.7087963223457336 0.02656250074505806 0.026851851493120193
0 0.2705729305744171 0.7365740537643433 0.03072916716337204 0.026851851493120193
0 0.2718749940395355 0.762499988079071 0.02500000037252903 0.01944444514811039
0 0.27161458134651184 0.7856481671333313 0.02760416641831398 0.026851851493120193
0 0.19479165971279144 0.8032407164573669 0.02916666679084301 0.023148147389292717
0 0.1940104216337204 0.8379629850387573 0.02864583395421505 0.02777777798473835
0 0.1888020783662796 0.7662037014961243 0.02656250074505806 0.021296296268701553
0 0.1901041716337204 0.7407407164573669 0.03020833246409893 0.025925925001502037
0 0.18932291865348816 0.7134259343147278 0.04114583507180214 0.026851851493120193
0 0.18958333134651184 0.6601851582527161 0.0416666679084301 0.025925925001502037
0 0.1940104216337204 0.6851851940155029 0.02656250074505806 0.02222222276031971
0 0.19218750298023224 0.6296296119689941 0.03229166567325592 0.02222222276031971
0 0.19322916865348816 0.6032407283782959 0.02812499925494194 0.02500000037252903
0 0.1901041716337204 0.5777778029441833 0.02395833283662796 0.02222222276031971
0 0.18984374403953552 0.5518518686294556 0.02447916753590107 0.025925925001502037
0 0.1888020783662796 0.5245370268821716 0.02656250074505806 0.023148147389292717
0 0.18776041269302368 0.5004629492759705 0.02552083320915699 0.023148147389292717
0 0.18802084028720856 0.47175925970077515 0.03020833246409893 0.06574074178934097
0 0.18697915971279144 0.4453703761100769 0.02916666679084301 0.02222222276031971
0 0.18802084028720856 0.4208333194255829 0.02500000037252903 0.01944444514811039
0 0.1901041716337204 0.3958333432674408 0.03125 0.02500000037252903
0 0.18906250596046448 0.3708333373069763 0.02291666716337204 0.023148147389292717
0 0.19036458432674408 0.3412036895751953 0.03281249850988388 0.028703704476356506
0 0.18671874701976776 0.31481480598449707 0.03281249850988388 0.02222222276031971
0 0.18802084028720856 0.2874999940395355 0.02708333358168602 0.026851851493120193
0 0.20885416865348816 0.2717592716217041 0.01354166679084301 0.0416666679084301
0 0.18697915971279144 0.26157405972480774 0.01979166641831398 0.021296296268701553
0 0.18776041269302368 0.23657406866550446 0.02656250074505806 0.02500000037252903
0 0.18958333134651184 0.18379630148410797 0.02708333358168602 0.023148147389292717
0 0.18906250596046448 0.21111111342906952 0.02500000037252903 0.024074073880910873
0 0.19921875 0.13611111044883728 0.01614583283662796 0.05925925821065903
0 0.16432291269302368 0.14259259402751923 0.015104166232049465 0.046296294778585434
0 0.14869791269302368 0.1449074000120163 0.01614583283662796 0.043518517166376114
0 0.13645833730697632 0.14398148655891418 0.01354166679084301 0.04722222313284874
0 0.16979166865348816 0.10000000149011612 0.03125 0.024074073880910873
0 0.4117187559604645 0.18611110746860504 0.02447916753590107 0.025925925001502037
0 0.4411458373069763 0.18518517911434174 0.02916666679084301 0.024074073880910873
0 0.41328126192092896 0.21250000596046448 0.02760416641831398 0.023148147389292717
0 0.4427083432674408 0.21250000596046448 0.02604166604578495 0.023148147389292717
0 0.4151041805744171 0.23796296119689941 0.03020833246409893 0.024074073880910873
0 0.4429687559604645 0.23888888955116272 0.02031249925494194 0.02222222276031971
0 0.4442708194255829 0.26527777314186096 0.02604166604578495 0.02500000037252903
0 0.4729166626930237 0.2361111044883728 0.01666666753590107 0.05740740895271301
0 0.5033854246139526 0.18518517911434174 0.03072916716337204 0.02222222276031971
0 0.5333333611488342 0.18611110746860504 0.02187499962747097 0.020370369777083397
0 0.5002604126930237 0.21296297013759613 0.0234375 0.020370369777083397
0 0.5296875238418579 0.21157407760620117 0.02812499925494194 0.02500000037252903
0 0.5026041865348816 0.23749999701976776 0.02916666679084301 0.026851851493120193
0 0.4989583194255829 0.2657407522201538 0.02291666716337204 0.02222222276031971
0 0.52734375 0.2657407522201538 0.02447916753590107 0.02222222276031971
0 0.5002604126930237 0.2907407283782959 0.02552083320915699 0.02222222276031971
0 0.5283854007720947 0.2916666567325592 0.02447916753590107 0.024074073880910873
0 0.500781238079071 0.3185185194015503 0.02447916753590107 0.02222222276031971
0 0.5270833373069763 0.31805557012557983 0.02500000037252903 0.021296296268701553
0 0.5020833611488342 0.3462963104248047 0.02812499925494194 0.02222222276031971
0 0.5294271111488342 0.34583333134651184 0.02656250074505806 0.023148147389292717
0 0.5015624761581421 0.3740740716457367 0.02500000037252903 0.02222222276031971
0 0.5286458134651184 0.3731481432914734 0.02604166604578495 0.020370369777083397
0 0.5 0.40046295523643494 0.02500000037252903 0.021296296268701553
0 0.49791666865348816 0.427314817905426 0.02604166604578495 0.021296296268701553
0 0.5299479365348816 0.42500001192092896 0.02552083320915699 0.020370369777083397
0 0.5013020634651184 0.4532407522201538 0.02552083320915699 0.021296296268701553
0 0.5296875238418579 0.4504629671573639 0.02812499925494194 0.021296296268701553
0 0.5 0.5055555701255798 0.02708333358168602 0.02222222276031971
0 0.528124988079071 0.5037037134170532 0.02500000037252903 0.020370369777083397
0 0.5015624761581421 0.5185185074806213 0.02604166604578495 0.04444444552063942
0 0.5291666388511658 0.5291666388511658 0.02708333358168602 0.023148147389292717
0 0.5023437738418579 0.5560185313224792 0.02968749962747097 0.021296296268701553
0 0.5296875238418579 0.5564814805984497 0.02395833283662796 0.018518518656492233
0 0.5020833611488342 0.5833333134651184 0.02604166604578495 0.020370369777083397
0 0.5036458373069763 0.6009259223937988 0.02916666679084301 0.04259259253740311
0 0.5341145992279053 0.6083333492279053 0.02864583395421505 0.02222222276031971
0 0.500781238079071 0.6384259462356567 0.02552083320915699 0.021296296268701553
0 0.5291666388511658 0.6370370388031006 0.02500000037252903 0.02222222276031971
0 0.5023437738418579 0.6652777791023254 0.02552083320915699 0.021296296268701553
0 0.4997395873069763 0.6907407641410828 0.02552083320915699 0.024074073880910873
0 0.5286458134651184 0.6870370507240295 0.02395833283662796 0.024074073880910873
0 0.5020833611488342 0.7175925970077515 0.02708333358168602 0.024074073880910873
0 0.5299479365348816 0.7148148417472839 0.02447916753590107 0.024074073880910873
0 0.5013020634651184 0.7439814805984497 0.02968749962747097 0.02500000037252903
0 0.5291666388511658 0.7416666746139526 0.02500000037252903 0.02222222276031971
0 0.5020833611488342 0.7722222208976746 0.02500000037252903 0.02222222276031971
0 0.49921876192092896 0.7972221970558167 0.02447916753590107 0.02222222276031971
0 0.5 0.822685182094574 0.02916666679084301 0.021296296268701553
0 0.5278645753860474 0.8208333253860474 0.0234375 0.023148147389292717
0 0.5132812261581421 0.8462963104248047 0.02968749962747097 0.031481482088565826
0 0.41718751192092896 0.2898148000240326 0.02500000037252903 0.020370369777083397
0 0.4169270694255829 0.317592591047287 0.0234375 0.02222222276031971
0 0.4476562440395355 0.32083332538604736 0.02552083320915699 0.023148147389292717
0 0.4164062440395355 0.34583333134651184 0.02864583395421505 0.023148147389292717
0 0.4468750059604645 0.34861111640930176 0.02083333395421505 0.021296296268701553
0 0.4164062440395355 0.37268519401550293 0.02864583395421505 0.023148147389292717
0 0.41484373807907104 0.40231481194496155 0.02864583395421505 0.023148147389292717
0 0.44479167461395264 0.40046295523643494 0.02395833283662796 0.021296296268701553
0 0.4156250059604645 0.4268518388271332 0.02500000037252903 0.024074073880910873
0 0.4429687559604645 0.4254629611968994 0.02135416679084301 0.021296296268701553
0 0.41588541865348816 0.4532407522201538 0.02864583395421505 0.021296296268701553
0 0.4151041805744171 0.4791666567325592 0.02395833283662796 0.021296296268701553
0 0.4429687559604645 0.47361111640930176 0.01614583283662796 0.01944444514811039
0 0.4177083373069763 0.5050926208496094 0.01979166641831398 0.01944444514811039
0 0.4455729126930237 0.5037037134170532 0.02864583395421505 0.024074073880910873
0 0.41848957538604736 0.532870352268219 0.02031249925494194 0.021296296268701553
0 0.44739583134651184 0.532870352268219 0.02500000037252903 0.021296296268701553
0 0.41614583134651184 0.5583333373069763 0.02500000037252903 0.02222222276031971
0 0.4153645932674408 0.5874999761581421 0.02239583246409893 0.017592592164874077
0 0.44479167461395264 0.5842592716217041 0.02500000037252903 0.020370369777083397
0 0.4140625 0.6009259223937988 0.02708333358168602 0.04259259253740311
0 0.4416666626930237 0.6106481552124023 0.02604166604578495 0.02500000037252903
0 0.44348958134651184 0.6370370388031006 0.02760416641831398 0.024074073880910873
0 0.4143229126930237 0.6657407283782959 0.02552083320915699 0.02222222276031971
0 0.4453125 0.6893518567085266 0.02187499962747097 0.021296296268701553
0 0.41614583134651184 0.6925926208496094 0.02395833283662796 0.02222222276031971
0 0.4182291626930237 0.7175925970077515 0.03020833246409893 0.02222222276031971
0 0.4151041805744171 0.7472222447395325 0.02291666716337204 0.02222222276031971
0 0.44218748807907104 0.7444444298744202 0.02604166604578495 0.025925925001502037
0 0.44322916865348816 0.7712963223457336 0.03125 0.025925925001502037
0 0.41484373807907104 0.7976852059364319 0.02864583395421505 0.026851851493120193
0 0.4153645932674408 0.8254629373550415 0.0234375 0.023148147389292717
0 0.44479167461395264 0.8212962746620178 0.02604166604578495 0.025925925001502037
0 0.42760416865348816 0.8509259223937988 0.03020833246409893 0.025925925001502037
0 0.5796874761581421 0.10138888657093048 0.03854166716337204 0.026851851493120193
0 0.6166666746139526 0.10324074327945709 0.02395833283662796 0.023148147389292717
0 0.5872395634651184 0.13055555522441864 0.02968749962747097 0.024074073880910873
0 0.6182291507720947 0.13148148357868195 0.02812499925494194 0.025925925001502037
0 0.582812488079071 0.1578703671693802 0.02187499962747097 0.021296296268701553
0 0.610156238079071 0.1597222238779068 0.02447916753590107 0.023148147389292717
0 0.5848958492279053 0.18333333730697632 0.02291666716337204 0.02222222276031971
0 0.6104166507720947 0.18518517911434174 0.02395833283662796 0.020370369777083397
0 0.5859375 0.2101851850748062 0.02708333358168602 0.02222222276031971
0 0.6117187738418579 0.20972222089767456 0.02239583246409893 0.021296296268701553
0 0.5794270634651184 0.23935185372829437 0.03072916716337204 0.02500000037252903
0 0.6109374761581421 0.2370370328426361 0.02604166604578495 0.024074073880910873
0 0.6109374761581421 0.2629629671573639 0.02395833283662796 0.024074073880910873
0 0.5822916626930237 0.2925925850868225 0.02291666716337204 0.02222222276031971
0 0.6096354126930237 0.2898148000240326 0.02656250074505806 0.024074073880910873
0 0.6104166507720947 0.3203703761100769 0.02812499925494194 0.024074073880910873
0 0.5859375 0.34861111640930176 0.02395833283662796 0.023148147389292717
0 0.585156261920929 0.3717592656612396 0.02968749962747097 0.021296296268701553
0 0.6117187738418579 0.3712962865829468 0.02552083320915699 0.02222222276031971
0 0.585156261920929 0.4263888895511627 0.02864583395421505 0.021296296268701553
0 0.6122395992279053 0.42592594027519226 0.02447916753590107 0.020370369777083397
0 0.6114583611488342 0.44999998807907104 0.02916666679084301 0.020370369777083397
0 0.6075521111488342 0.48148149251937866 0.0234375 0.020370369777083397
0 0.5848958492279053 0.5074074268341064 0.02395833283662796 0.020370369777083397
0 0.6138020753860474 0.5074074268341064 0.02656250074505806 0.02222222276031971
0 0.5877603888511658 0.5550925731658936 0.02760416641831398 0.02500000037252903
0 0.612500011920929 0.5564814805984497 0.02604166604578495 0.02222222276031971
0 0.5955728888511658 0.6074073910713196 0.04843749850988388 0.02222222276031971
0 0.6109374761581421 0.6092592477798462 0.02916666679084301 0.02222222276031971
0 0.606249988079071 0.6583333611488342 0.02916666679084301 0.02222222276031971
0 0.6067708134651184 0.6842592358589172 0.02604166604578495 0.020370369777083397
0 0.6078125238418579 0.7148148417472839 0.02708333358168602 0.024074073880910873
0 0.5835937261581421 0.7421296238899231 0.02552083320915699 0.026851851493120193
0 0.58203125 0.7685185074806213 0.02447916753590107 0.020370369777083397
0 0.6096354126930237 0.7666666507720947 0.02552083320915699 0.02222222276031971
0 0.5830729007720947 0.7935185432434082 0.02656250074505806 0.024074073880910873
0 0.6109374761581421 0.7976852059364319 0.02395833283662796 0.02500000037252903
0 0.5809895992279053 0.8212962746620178 0.02656250074505806 0.024074073880910873
0 0.6109374761581421 0.8212962746620178 0.02500000037252903 0.025925925001502037
0 0.5992187261581421 0.8532407283782959 0.02968749962747097 0.026851851493120193
0 0.18307290971279144 0.14120370149612427 0.015104166232049465 0.05092592537403107
0 0.1197916641831398 0.13379628956317902 0.01979166641831398 0.02500000037252903
0 0.10494791716337204 0.13425925374031067 0.01406249962747097 0.02222222276031971
0 0.8299478888511658 0.43101853132247925 0.02864583395421505 0.023148147389292717
0 0.8265625238418579 0.49768519401550293 0.02812499925494194 0.02500000037252903
0 0.8338541388511658 0.5379629731178284 0.03750000149011612 0.04444444552063942
0 0.8343750238418579 0.5546296238899231 0.02708333358168602 0.02222222276031971
0 0.8307291865348816 0.5842592716217041 0.02500000037252903 0.024074073880910873
0 0.8341146111488342 0.6115740537643433 0.0234375 0.023148147389292717
0 0.831250011920929 0.6296296119689941 0.02708333358168602 0.046296294778585434
0 0.835156261920929 0.6699073910713196 0.03802083432674408 0.026851851493120193
0 0.8356770873069763 0.6995370388031006 0.03697916492819786 0.026851851493120193
0 0.8072916865348816 0.6763888597488403 0.014583333395421505 0.04722222313284874
0 0.8098958134651184 0.7407407164573669 0.01666666753590107 0.046296294778585434
0 0.8104166388511658 0.7976852059364319 0.014583333395421505 0.049074072390794754
