0 0.5708333253860474 0.021759258583188057 0.012500000186264515 0.043518517166376114
0 0.5908854007720947 0.019907407462596893 0.013020833022892475 0.03981481492519379
0 0.6135416626930237 0.018518518656492233 0.012500000186264515 0.03703703731298447
0 0.6382812261581421 0.01944444514811039 0.01406249962747097 0.03888889029622078
0 0.6861979365348816 0.020370369777083397 0.015104166232049465 0.040740739554166794
0 0.8101562261581421 0.017129629850387573 0.01406249962747097 0.034259259700775146
0 0.8604166507720947 0.01805555634200573 0.015625 0.03611111268401146
0 0.9330729246139526 0.017129629850387573 0.01927083358168602 0.034259259700775146
0 0.9205729365348816 0.05972222238779068 0.02968749962747097 0.026851851493120193
0 0.727343738079071 0.06898148357868195 0.02864583395421505 0.026851851493120193
0 0.9505208134651184 0.13564814627170563 0.02291666716337204 0.06018518656492233
0 0.8916666507720947 0.24675926566123962 0.03333333507180214 0.026851851493120193
0 0.9356771111488342 0.29907408356666565 0.02239583246409893 0.05000000074505806
0 0.9945312738418579 0.38333332538604736 0.00989583320915699 0.051851850003004074
0 0.9911458492279053 0.5069444179534912 0.01666666753590107 0.05277777835726738
0 0.9713541865348816 0.6111111044883728 0.02604166604578495 0.04259259253740311
0 0.9164062738418579 0.6615740656852722 0.03489583358168602 0.026851851493120193
0 0.5783854126930237 0.6569444537162781 0.02864583395421505 0.02500000037252903
0 0.5263020992279053 0.6560184955596924 0.02760416641831398 0.02500000037252903
0 0.5075520873069763 0.8615740537643433 0.013020833022892475 0.05092592537403107
0 0.9567708373069763 0.9087963104248047 0.015625 0.05462963134050369
0 0.9888020753860474 0.9120370149612427 0.01718750037252903 0.0555555559694767
0 0.8263021111488342 0.9662036895751953 0.015104166232049465 0.049074072390794754
0 0.7958333492279053 0.9555555582046509 0.01354166679084301 0.04814814776182175
0 0.7619791626930237 0.9560185074806213 0.01354166679084301 0.05462963134050369
0 0.7783854007720947 0.9009259343147278 0.015104166232049465 0.051851850003004074
0 0.7317708134651184 0.8990740776062012 0.01354166679084301 0.05370370298624039
0 0.7151041626930237 0.9509259462356567 0.01354166679084301 0.051851850003004074
0 0.6986979246139526 0.8949074149131775 0.01406249962747097 0.049074072390794754
0 0.6830729246139526 0.949999988079071 0.015104166232049465 0.051851850003004074
0 0.6546875238418579 0.9481481313705444 0.01354166679084301 0.0555555559694767
0 0.6372395753860474 0.8907407522201538 0.015104166232049465 0.05370370298624039
0 0.6078125238418579 0.8902778029441833 0.01354166679084301 0.05648148059844971
0 0.5914062261581421 0.8884259462356567 0.01406249962747097 0.05277777835726738
0 0.561718761920929 0.9356481432914734 0.015104166232049465 0.07314814627170563
0 0.9213541746139526 0.7819444537162781 0.01666666753590107 0.05462963134050369
0 0.8895833492279053 0.782870352268219 0.012500000186264515 0.04722222313284874
0 0.7947916388511658 0.7745370268821716 0.01354166679084301 0.05648148059844971
0 0.762499988079071 0.7717592716217041 0.014583333395421505 0.05277777835726738
0 0.7635416388511658 0.7166666388511658 0.01354166679084301 0.04444444552063942
0 0.7479166388511658 0.7162036895751953 0.014583333395421505 0.04537037014961243
0 0.731249988079071 0.7226851582527161 0.014583333395421505 0.05277777835726738
0 0.7015625238418579 0.7120370268821716 0.01354166679084301 0.05000000074505806
0 0.6856771111488342 0.7138888835906982 0.013020833022892475 0.046296294778585434
0 0.668749988079071 0.7749999761581421 0.01354166679084301 0.05000000074505806
0 0.6700521111488342 0.7162036895751953 0.013020833022892475 0.04537037014961243
0 0.6528645753860474 0.7120370268821716 0.01197916641831398 0.03888889029622078
0 0.639843761920929 0.7666666507720947 0.01197916641831398 0.0555555559694767
0 0.6388021111488342 0.7111111283302307 0.013020833022892475 0.05000000074505806
0 0.6231771111488342 0.7106481194496155 0.013020833022892475 0.04722222313284874
0 0.6078125238418579 0.7652778029441833 0.01354166679084301 0.05092592537403107
0 0.6083333492279053 0.7143518328666687 0.01145833358168602 0.043518517166376114
0 0.5932291746139526 0.7148148417472839 0.01145833358168602 0.046296294778585434
0 0.5778645873069763 0.7629629373550415 0.01406249962747097 0.051851850003004074
0 0.5776041746139526 0.7097222208976746 0.01354166679084301 0.05092592537403107
0 0.5622395873069763 0.7106481194496155 0.013020833022892475 0.04722222313284874
0 0.8106771111488342 0.7138888835906982 0.01406249962747097 0.051851850003004074
0 0.8268229365348816 0.7162036895751953 0.01406249962747097 0.05462963134050369
0 0.46927082538604736 0.887499988079071 0.012500000186264515 0.04537037014961243
0 0.46796876192092896 0.9430555701255798 0.01406249962747097 0.05462963134050369
0 0.4375 0.9412037134170532 0.012500000186264515 0.04722222313284874
0 0.4072916805744171 0.9407407641410828 0.01354166679084301 0.051851850003004074
0 0.3929687440395355 0.9393518567085266 0.013020833022892475 0.049074072390794754
0 0.37812501192092896 0.8819444179534912 0.01354166679084301 0.049074072390794754
0 0.3335937559604645 0.8870370388031006 0.01406249962747097 0.05370370298624039
0 0.31822916865348816 0.8865740895271301 0.01354166679084301 0.05462963134050369
0 0.30390626192092896 0.8893518447875977 0.013020833022892475 0.04537037014961243
0 0.28958332538604736 0.9384258985519409 0.01354166679084301 0.05092592537403107
0 0.2744791805744171 0.8842592835426331 0.014583333395421505 0.05370370298624039
0 0.23046875 0.8828703761100769 0.01406249962747097 0.04722222313284874
0 0.16979166865348816 0.8787037134170532 0.015625 0.051851850003004074
0 0.12447916716337204 0.8791666626930237 0.015625 0.05462963134050369
0 0.09218750149011612 0.9342592358589172 0.014583333395421505 0.05000000074505806
0 0.0044270833022892475 0.8740741014480591 0.008854166604578495 0.029629629105329514
0 0.012760416604578495 0.9750000238418579 0.02552083320915699 0.04814814776182175
0 0.45390623807907104 0.7027778029441833 0.013020833022892475 0.04814814776182175
0 0.4390625059604645 0.7597222328186035 0.01354166679084301 0.049074072390794754
0 0.4388020932674408 0.7041666507720947 0.013020833022892475 0.05092592537403107
0 0.42395833134651184 0.707870364189148 0.012500000186264515 0.04537037014961243
0 0.4091145694255829 0.760185182094574 0.013020833022892475 0.05370370298624039
0 0.4091145694255829 0.7074074149131775 0.013020833022892475 0.046296294778585434
0 0.3802083432674408 0.7041666507720947 0.012500000186264515 0.04722222313284874
0 0.3799479305744171 0.762499988079071 0.01406249962747097 0.05092592537403107
0 0.36406248807907104 0.706944465637207 0.01354166679084301 0.05277777835726738
0 0.34843748807907104 0.7004629373550415 0.012500000186264515 0.05092592537403107
0 0.32083332538604736 0.7023147940635681 0.01354166679084301 0.05277777835726738
0 0.31953126192092896 0.7592592835426331 0.01406249962747097 0.04814814776182175
0 0.30520832538604736 0.7597222328186035 0.01354166679084301 0.05092592537403107
0 0.27395832538604736 0.7541666626930237 0.012500000186264515 0.04537037014961243
0 0.28958332538604736 0.7050926089286804 0.014583333395421505 0.05092592537403107
0 0.2744791805744171 0.7046296000480652 0.01354166679084301 0.05370370298624039
0 0.2593750059604645 0.7018518447875977 0.012500000186264515 0.05370370298624039
0 0.2447916716337204 0.7050926089286804 0.014583333395421505 0.04537037014961243
0 0.23020833730697632 0.7009259462356567 0.01354166679084301 0.05370370298624039
0 0.20130208134651184 0.6995370388031006 0.015104166232049465 0.05277777835726738
0 0.1848958283662796 0.7583333253860474 0.015625 0.051851850003004074
0 0.16953125596046448 0.7560185194015503 0.013020833022892475 0.049074072390794754
0 0.13984374701976776 0.7430555820465088 0.013020833022892475 0.0416666679084301
0 0.15390625596046448 0.699999988079071 0.01406249962747097 0.04259259253740311
0 0.10989583283662796 0.7018518447875977 0.01666666753590107 0.04814814776182175
0 0.09453125298023224 0.699999988079071 0.01406249962747097 0.046296294778585434
0 0.0338541679084301 0.6555555462837219 0.03229166567325592 0.031481482088565826
0 0.47187501192092896 0.5023148059844971 0.01145833358168602 0.043518517166376114
0 0.4557291567325592 0.5023148059844971 0.012500000186264515 0.04722222313284874
0 0.45520833134651184 0.5550925731658936 0.012500000186264515 0.049074072390794754
0 0.44062501192092896 0.5648148059844971 0.01354166679084301 0.051851850003004074
0 0.4403645694255829 0.5023148059844971 0.01197916641831398 0.049074072390794754
0 0.42526042461395264 0.5004629492759705 0.01197916641831398 0.043518517166376114
0 0.40807291865348816 0.5611110925674438 0.01197916641831398 0.04444444552063942
0 0.4104166626930237 0.5027777552604675 0.01145833358168602 0.04259259253740311
0 0.3958333432674408 0.5023148059844971 0.01145833358168602 0.03981481492519379
0 0.3804687559604645 0.5606481432914734 0.013020833022892475 0.049074072390794754
0 0.3804687559604645 0.5037037134170532 0.01197916641831398 0.046296294778585434
0 0.3658854067325592 0.5569444298744202 0.013020833022892475 0.049074072390794754
0 0.3645833432674408 0.5055555701255798 0.01145833358168602 0.04259259253740311
0 0.35078126192092896 0.49861112236976624 0.01406249962747097 0.05092592537403107
0 0.3505208194255829 0.5546296238899231 0.01354166679084301 0.051851850003004074
0 0.3203125 0.5004629492759705 0.01354166679084301 0.043518517166376114
0 0.31979167461395264 0.5541666746139526 0.01354166679084301 0.049074072390794754
0 0.3049479126930237 0.5041666626930237 0.013020833022892475 0.04537037014961243
0 0.3059895932674408 0.5615741014480591 0.01406249962747097 0.04722222313284874
0 0.27552083134651184 0.5004629492759705 0.014583333395421505 0.04722222313284874
0 0.2757812440395355 0.5620370507240295 0.01406249962747097 0.04814814776182175
0 0.2588541805744171 0.5013889074325562 0.01354166679084301 0.04722222313284874
0 0.25963541865348816 0.5555555820465088 0.013020833022892475 0.04444444552063942
0 0.24505208432674408 0.5546296238899231 0.013020833022892475 0.04444444552063942
0 0.2161458283662796 0.5578703880310059 0.01354166679084301 0.05277777835726738
0 0.21484375 0.49953705072402954 0.01406249962747097 0.05462963134050369
0 0.19895833730697632 0.49953705072402954 0.01354166679084301 0.05277777835726738
0 0.18645833432674408 0.5550925731658936 0.015625 0.05092592537403107
0 0.17135415971279144 0.552314817905426 0.01354166679084301 0.05092592537403107
0 0.171875 0.4962962865829468 0.014583333395421505 0.05000000074505806
0 0.15572915971279144 0.5537037253379822 0.01354166679084301 0.04814814776182175
0 0.1419270783662796 0.4962962865829468 0.01406249962747097 0.040740739554166794
0 0.14114584028720856 0.5518518686294556 0.014583333395421505 0.051851850003004074
0 0.11171875149011612 0.5527777671813965 0.015104166232049465 0.05000000074505806
0 0.12552084028720856 0.4967592656612396 0.014583333395421505 0.04722222313284874
0 0.06614582985639572 0.5504629611968994 0.015625 0.04722222313284874
0 0.09609375149011612 0.49444442987442017 0.015104166232049465 0.04814814776182175
0 0.07994791865348816 0.4972222149372101 0.01406249962747097 0.04444444552063942
0 0.0638020858168602 0.4972222149372101 0.01406249962747097 0.04814814776182175
0 0.04895833507180214 0.4921296238899231 0.014583333395421505 0.04722222313284874
0 0.03203124925494194 0.4939814805984497 0.015104166232049465 0.049074072390794754
0 0.5625 0.4990740716457367 0.01145833358168602 0.04814814776182175
0 0.563281238079071 0.5555555820465088 0.013020833022892475 0.051851850003004074
0 0.578125 0.5013889074325562 0.012500000186264515 0.05277777835726738
0 0.5778645873069763 0.5569444298744202 0.010937499813735485 0.04722222313284874
0 0.5934895873069763 0.5027777552604675 0.01197916641831398 0.04444444552063942
0 0.5921875238418579 0.5555555820465088 0.01145833358168602 0.04814814776182175
0 0.608593761920929 0.5009258985519409 0.01197916641831398 0.05000000074505806
0 0.6075521111488342 0.5583333373069763 0.01197916641831398 0.04444444552063942
0 0.6234375238418579 0.5009258985519409 0.012500000186264515 0.05000000074505806
0 0.6229166388511658 0.5620370507240295 0.012500000186264515 0.05000000074505806
0 0.6388021111488342 0.5064814686775208 0.01197916641831398 0.04444444552063942
0 0.6541666388511658 0.5060185194015503 0.012500000186264515 0.04537037014961243
0 0.6703125238418579 0.5064814686775208 0.012500000186264515 0.05000000074505806
0 0.660937488079071 0.5625 0.02500000037252903 0.05092592537403107
0 0.6859375238418579 0.5041666626930237 0.012500000186264515 0.05092592537403107
0 0.6705729365348816 0.5611110925674438 0.01197916641831398 0.046296294778585434
0 0.7015625238418579 0.5037037134170532 0.01354166679084301 0.04814814776182175
0 0.6851562261581421 0.5601851940155029 0.01406249962747097 0.05370370298624039
0 0.7166666388511658 0.5074074268341064 0.012500000186264515 0.046296294778585434
0 0.7151041626930237 0.5648148059844971 0.01354166679084301 0.04814814776182175
0 0.7325521111488342 0.5050926208496094 0.013020833022892475 0.049074072390794754
0 0.7320312261581421 0.5638889074325562 0.015104166232049465 0.05370370298624039
0 0.7638021111488342 0.5060185194015503 0.01614583283662796 0.05648148059844971
0 0.7463541626930237 0.5592592358589172 0.012500000186264515 0.04814814776182175
0 0.7622395753860474 0.5625 0.013020833022892475 0.05092592537403107
0 0.7791666388511658 0.5046296119689941 0.012500000186264515 0.04814814776182175
0 0.7854166626930237 0.5634258985519409 0.02708333358168602 0.05092592537403107
0 0.7945312261581421 0.5060185194015503 0.013020833022892475 0.05648148059844971
0 0.7953125238418579 0.5652777552604675 0.01354166679084301 0.05092592537403107
0 0.8109375238418579 0.5069444179534912 0.01354166679084301 0.049074072390794754
0 0.8109375238418579 0.5620370507240295 0.01354166679084301 0.04814814776182175
0 0.8268229365348816 0.5087962746620178 0.013020833022892475 0.049074072390794754
0 0.8268229365348816 0.5694444179534912 0.015104166232049465 0.0555555559694767
0 0.8427083492279053 0.5083333253860474 0.014583333395421505 0.04444444552063942
0 0.860156238079071 0.5083333253860474 0.013020833022892475 0.04814814776182175
0 0.8786458373069763 0.5087962746620178 0.014583333395421505 0.05277777835726738
0 0.5651041865348816 0.31990739703178406 0.012500000186264515 0.05092592537403107
0 0.563281238079071 0.3777777850627899 0.013020833022892475 0.04814814776182175
0 0.5947916507720947 0.3236111104488373 0.01354166679084301 0.05648148059844971
0 0.5786458253860474 0.3777777850627899 0.012500000186264515 0.046296294778585434
0 0.6260416507720947 0.3245370388031006 0.012500000186264515 0.04722222313284874
0 0.5934895873069763 0.37638887763023376 0.01197916641831398 0.04722222313284874
0 0.6421874761581421 0.3263888955116272 0.01145833358168602 0.034259259700775146
0 0.6088541746139526 0.3828703761100769 0.012500000186264515 0.04722222313284874
0 0.6713541746139526 0.3273148238658905 0.01354166679084301 0.04722222313284874
0 0.625 0.380092591047287 0.012500000186264515 0.05648148059844971
0 0.686718761920929 0.3245370388031006 0.013020833022892475 0.04722222313284874
0 0.6408854126930237 0.37962964177131653 0.010937499813735485 0.05000000074505806
0 0.7033854126930237 0.32499998807907104 0.013020833022892475 0.0555555559694767
0 0.6692708134651184 0.38240739703178406 0.01354166679084301 0.04814814776182175
0 0.7177083492279053 0.322685182094574 0.01354166679084301 0.049074072390794754
0 0.7018229365348816 0.3819444477558136 0.013020833022892475 0.05092592537403107
0 0.7338541746139526 0.32592591643333435 0.014583333395421505 0.051851850003004074
0 0.7164062261581421 0.37546294927597046 0.013020833022892475 0.0416666679084301
0 0.7651041746139526 0.3236111104488373 0.014583333395421505 0.04722222313284874
0 0.7341145873069763 0.3791666626930237 0.013020833022892475 0.04537037014961243
0 0.7802083492279053 0.31990739703178406 0.014583333395421505 0.05277777835726738
0 0.7486979365348816 0.3782407343387604 0.01406249962747097 0.04722222313284874
0 0.7643229365348816 0.3777777850627899 0.01406249962747097 0.04444444552063942
0 0.8125 0.32685184478759766 0.014583333395421505 0.05000000074505806
0 0.7950521111488342 0.37638887763023376 0.01406249962747097 0.05092592537403107
0 0.8291666507720947 0.3194444477558136 0.01354166679084301 0.05925925821065903
0 0.811718761920929 0.38148146867752075 0.01406249962747097 0.046296294778585434
0 0.8453124761581421 0.3236111104488373 0.01354166679084301 0.05462963134050369
0 0.8283854126930237 0.380092591047287 0.013020833022892475 0.05277777835726738
0 0.8377603888511658 0.3791666626930237 0.02447916753590107 0.05462963134050369
0 0.8794270753860474 0.32175925374031067 0.015104166232049465 0.05092592537403107
0 0.8596354126930237 0.38333332538604736 0.015104166232049465 0.05740740895271301
0 0.8776041865348816 0.37962964177131653 0.015625 0.06111111119389534
0 0.5669270753860474 0.19398148357868195 0.01197916641831398 0.05092592537403107
0 0.5859375 0.19675925374031067 0.012500000186264515 0.049074072390794754
0 0.6044270992279053 0.19490741193294525 0.013020833022892475 0.05462963134050369
0 0.64453125 0.1935185194015503 0.015104166232049465 0.05000000074505806
0 0.6247395873069763 0.19814814627170563 0.01406249962747097 0.05370370298624039
0 0.6658853888511658 0.1935185194015503 0.013020833022892475 0.04814814776182175
0 0.6833333373069763 0.192592591047287 0.012500000186264515 0.04444444552063942
0 0.7036458253860474 0.182407408952713 0.01354166679084301 0.05370370298624039
0 0.723437488079071 0.19490741193294525 0.015625 0.05462963134050369
0 0.7427083253860474 0.19768518209457397 0.014583333395421505 0.05462963134050369
0 0.7622395753860474 0.192592591047287 0.01406249962747097 0.05370370298624039
0 0.7815104126930237 0.19398148357868195 0.01406249962747097 0.05462963134050369
0 0.801562488079071 0.19166666269302368 0.014583333395421505 0.05740740895271301
0 0.821093738079071 0.192592591047287 0.01406249962747097 0.05370370298624039
0 0.8416666388511658 0.19398148357868195 0.014583333395421505 0.05277777835726738
0 0.8619791865348816 0.19583334028720856 0.014583333395421505 0.05092592537403107
0 0.8778645992279053 0.19027778506278992 0.013020833022892475 0.0416666679084301
0 0.8942708373069763 0.1944444477558136 0.015625 0.05370370298624039
0 0.01848958246409893 0.3152777850627899 0.01406249962747097 0.04537037014961243
0 0.03593749925494194 0.31805557012557983 0.015625 0.04722222313284874
0 0.06432291865348816 0.31712964177131653 0.015104166232049465 0.05277777835726738
0 0.07968749850988388 0.31805557012557983 0.01666666753590107 0.05092592537403107
0 0.10963542014360428 0.3194444477558136 0.01406249962747097 0.05000000074505806
0 0.125 0.31805557012557983 0.01354166679084301 0.04722222313284874
0 0.140625 0.31805557012557983 0.014583333395421505 0.04537037014961243
0 0.17083333432674408 0.3222222328186035 0.01354166679084301 0.04814814776182175
0 0.1861979216337204 0.3236111104488373 0.01406249962747097 0.05092592537403107
0 0.20130208134651184 0.32592591643333435 0.01406249962747097 0.040740739554166794
0 0.05000000074505806 0.3712962865829468 0.014583333395421505 0.04259259253740311
0 0.06562499701976776 0.3717592656612396 0.014583333395421505 0.049074072390794754
0 0.07994791865348816 0.375 0.015104166232049465 0.051851850003004074
0 0.0950520858168602 0.37638887763023376 0.015104166232049465 0.043518517166376114
0 0.11093749850988388 0.3759259283542633 0.015625 0.04259259253740311
0 0.14166666567325592 0.3759259283542633 0.01666666753590107 0.05370370298624039
0 0.18671874701976776 0.3791666626930237 0.013020833022892475 0.05092592537403107
0 0.23046875 0.32499998807907104 0.013020833022892475 0.04814814776182175
0 0.21640625596046448 0.3787037134170532 0.01406249962747097 0.05370370298624039
0 0.24583333730697632 0.32083332538604736 0.01354166679084301 0.049074072390794754
0 0.23098959028720856 0.3768518567085266 0.013020833022892475 0.04814814776182175
0 0.2601562440395355 0.322685182094574 0.013020833022892475 0.04722222313284874
0 0.24557290971279144 0.3768518567085266 0.013020833022892475 0.046296294778585434
0 0.2757812440395355 0.3222222328186035 0.013020833022892475 0.04814814776182175
0 0.2601562440395355 0.3768518567085266 0.01197916641831398 0.04444444552063942
0 0.29088541865348816 0.32499998807907104 0.01197916641831398 0.040740739554166794
0 0.2750000059604645 0.380092591047287 0.01354166679084301 0.049074072390794754
0 0.3057291805744171 0.3212963044643402 0.012500000186264515 0.04814814776182175
0 0.2916666567325592 0.3777777850627899 0.01354166679084301 0.05370370298624039
0 0.32109373807907104 0.32083332538604736 0.013020833022892475 0.04722222313284874
0 0.30651041865348816 0.37268519401550293 0.01406249962747097 0.049074072390794754
0 0.33645832538604736 0.3212963044643402 0.014583333395421505 0.051851850003004074
0 0.3356770873069763 0.37546294927597046 0.013020833022892475 0.05092592537403107
0 0.36640626192092896 0.31990739703178406 0.013020833022892475 0.05462963134050369
0 0.3502604067325592 0.3768518567085266 0.013020833022892475 0.051851850003004074
0 0.3658854067325592 0.3787037134170532 0.013020833022892475 0.046296294778585434
0 0.39661458134651184 0.3231481611728668 0.01197916641831398 0.04814814776182175
0 0.3804687559604645 0.3759259283542633 0.013020833022892475 0.04814814776182175
0 0.41067707538604736 0.32407405972480774 0.01197916641831398 0.04444444552063942
0 0.3960937559604645 0.375 0.013020833022892475 0.05000000074505806
0 0.4260416626930237 0.32592591643333435 0.01145833358168602 0.051851850003004074
0 0.42630207538604736 0.3768518567085266 0.01197916641831398 0.046296294778585434
0 0.4403645694255829 0.3245370388031006 0.013020833022892475 0.05092592537403107
0 0.44088542461395264 0.38055557012557983 0.013020833022892475 0.0555555559694767
0 0.45651042461395264 0.32499998807907104 0.013020833022892475 0.05000000074505806
0 0.45625001192092896 0.3768518567085266 0.012500000186264515 0.04814814776182175
0 0.4723958373069763 0.37731480598449707 0.012500000186264515 0.05092592537403107
0 0.3335937559604645 0.01805555634200573 0.013020833022892475 0.03611111268401146
0 0.35468751192092896 0.020370369777083397 0.014583333395421505 0.040740739554166794
0 0.3760416805744171 0.019907407462596893 0.014583333395421505 0.03981481492519379
0 0.01979166641831398 0.13518518209457397 0.01666666753590107 0.051851850003004074
0 0.03932291641831398 0.13379628956317902 0.015104166232049465 0.05092592537403107
0 0.06432291865348816 0.13611111044883728 0.01614583283662796 0.051851850003004074
0 0.08671875298023224 0.13148148357868195 0.01614583283662796 0.05000000074505806
0 0.13124999403953552 0.13425925374031067 0.015625 0.051851850003004074
0 0.15546874701976776 0.13935184478759766 0.01406249962747097 0.05092592537403107
0 0.17760416865348816 0.13935184478759766 0.015625 0.05277777835726738
0 0.2005208283662796 0.13842593133449554 0.014583333395421505 0.05092592537403107
0 0.22031250596046448 0.14027777314186096 0.012500000186264515 0.05277777835726738
0 0.24583333730697632 0.14166666567325592 0.01354166679084301 0.04814814776182175
0 0.26640623807907104 0.14212962985038757 0.01406249962747097 0.05092592537403107
0 0.2890625 0.13703703880310059 0.01354166679084301 0.0555555559694767
0 0.31171876192092896 0.14074073731899261 0.013020833022892475 0.05000000074505806
0 0.33203125 0.13703703880310059 0.01406249962747097 0.05925925821065903
0 0.3552083373069763 0.14259259402751923 0.014583333395421505 0.05370370298624039
0 0.3773437440395355 0.14305555820465088 0.01406249962747097 0.05462963134050369
0 0.4231770932674408 0.14074073731899261 0.013020833022892475 0.051851850003004074
0 0.4494791626930237 0.13703703880310059 0.01354166679084301 0.05925925821065903
0 0.01770833320915699 0.19166666269302368 0.015625 0.05000000074505806
0 0.03619791567325592 0.19027778506278992 0.015104166232049465 0.04537037014961243
0 0.0546875 0.1944444477558136 0.014583333395421505 0.046296294778585434
0 0.0716145858168602 0.19212962687015533 0.015104166232049465 0.049074072390794754
0 0.109375 0.19490741193294525 0.014583333395421505 0.05277777835726738
0 0.12968750298023224 0.1944444477558136 0.014583333395421505 0.05000000074505806
0 0.14687499403953552 0.19490741193294525 0.014583333395421505 0.049074072390794754
0 0.16692708432674408 0.1935185194015503 0.015104166232049465 0.051851850003004074
0 0.18645833432674408 0.19675925374031067 0.014583333395421505 0.049074072390794754
0 0.20546874403953552 0.19629628956317902 0.015104166232049465 0.04814814776182175
0 0.22421875596046448 0.2004629671573639 0.013020833022892475 0.05092592537403107
0 0.24244791269302368 0.19768518209457397 0.015104166232049465 0.05277777835726738
0 0.2627604305744171 0.19629628956317902 0.01406249962747097 0.04814814776182175
0 0.2997395694255829 0.19953703880310059 0.01406249962747097 0.05092592537403107
0 0.3166666626930237 0.19675925374031067 0.012500000186264515 0.04722222313284874
0 0.3361979126930237 0.19768518209457397 0.01406249962747097 0.05648148059844971
0 0.3947916626930237 0.19629628956317902 0.012500000186264515 0.046296294778585434
0 0.4117187559604645 0.2004629671573639 0.01197916641831398 0.04722222313284874
0 0.43046873807907104 0.20324073731899261 0.013020833022892475 0.05648148059844971
0 0.44973957538604736 0.19907407462596893 0.013020833022892475 0.0555555559694767
0 0.46796876192092896 0.192592591047287 0.013020833022892475 0.05740740895271301
0 0.0611979179084301 0.01805555634200573 0.015104166232049465 0.03611111268401146
0 0.8934895992279053 0.5097222328186035 0.01406249962747097 0.04722222313284874
0 0.08984375 0.1935185194015503 0.015104166232049465 0.05000000074505806
0 0.2822916805744171 0.19722221791744232 0.01354166679084301 0.04814814776182175
0 0.15598958730697632 0.3212963044643402 0.013020833022892475 0.046296294778585434
