0 0.04635416716337204 0.12037037312984467 0.03541666641831398 0.04444444552063942
0 0.14218750596046448 0.25833332538604736 0.03541666641831398 0.029629629105329514
0 0.04973958432674408 0.3018518388271332 0.03593749925494194 0.025925925001502037
0 0.05026041716337204 0.3402777910232544 0.03593749925494194 0.02500000037252903
0 0.05104166641831398 0.375 0.03750000149011612 0.025925925001502037
0 0.0494791679084301 0.40648147463798523 0.03854166716337204 0.029629629105329514
0 0.0455729179084301 0.43981480598449707 0.03489583358168602 0.025925925001502037
0 0.04453124850988388 0.47361111640930176 0.0338541679084301 0.02500000037252903
0 0.04713541641831398 0.5078703761100769 0.03489583358168602 0.026851851493120193
0 0.04505208507180214 0.5425925850868225 0.03697916492819786 0.02777777798473835
0 0.04505208507180214 0.5782407522201538 0.03177083283662796 0.02500000037252903
0 0.04479166492819786 0.6097221970558167 0.0364583320915699 0.02500000037252903
0 0.04531250149011612 0.6328703761100769 0.03958333283662796 0.05092592537403107
0 0.04296875 0.6791666746139526 0.03489583358168602 0.028703704476356506
0 0.0416666679084301 0.7115740776062012 0.03750000149011612 0.03055555559694767
0 0.05026041716337204 0.7671296000480652 0.03489583358168602 0.05462963134050369
0 0.0611979179084301 0.7995370626449585 0.03281249850988388 0.05277777835726738
0 0.07265625149011612 0.8240740895271301 0.02552083320915699 0.04444444552063942
0 0.0859375 0.8467592597007751 0.03125 0.05462963134050369
0 0.0989583358168602 0.8703703880310059 0.03437500074505806 0.0555555559694767
0 0.10963542014360428 0.8990740776062012 0.02968749962747097 0.05370370298624039
0 0.12552084028720856 0.9199073910713196 0.03020833246409893 0.049074072390794754
0 0.13984374701976776 0.9453703761100769 0.04218750074505806 0.06481481343507767
0 0.1510416716337204 0.9745370149612427 0.03125 0.049074072390794754
0 0.18723958730697632 0.8884259462356567 0.03281249850988388 0.05277777835726738
0 0.13593749701976776 0.34953704476356506 0.015625 0.06203703582286835
0 0.15781250596046448 0.3462963104248047 0.01666666753590107 0.06666667014360428
0 0.1940104216337204 0.34490740299224854 0.01718750037252903 0.06203703582286835
0 0.21432290971279144 0.34351852536201477 0.01718750037252903 0.06666667014360428
0 0.2523437440395355 0.3490740656852722 0.01718750037252903 0.06296296417713165
0 0.2914062440395355 0.35370370745658875 0.01614583283662796 0.06296296417713165
0 0.3278645873069763 0.3569444417953491 0.015104166232049465 0.06203703582286835
0 0.36406248807907104 0.35277777910232544 0.015625 0.07962962985038757
0 0.40312498807907104 0.35740742087364197 0.014583333395421505 0.05925925821065903
0 0.4234375059604645 0.369907408952713 0.01770833320915699 0.06759259104728699
0 0.13593749701976776 0.4208333194255829 0.01770833320915699 0.06388889253139496
0 0.15703125298023224 0.42222222685813904 0.015104166232049465 0.05740740895271301
0 0.17499999701976776 0.4263888895511627 0.014583333395421505 0.06018518656492233
0 0.19296875596046448 0.427314817905426 0.01614583283662796 0.06574074178934097
0 0.2122395783662796 0.4236111044883728 0.01614583283662796 0.06388889253139496
0 0.23125000298023224 0.4203703701496124 0.014583333395421505 0.05740740895271301
0 0.24843749403953552 0.4236111044883728 0.014583333395421505 0.06203703582286835
0 0.27005207538604736 0.4208333194255829 0.01614583283662796 0.06759259104728699
0 0.3072916567325592 0.4287036955356598 0.014583333395421505 0.06296296417713165
0 0.32604166865348816 0.42592594027519226 0.01354166679084301 0.05740740895271301
0 0.34687501192092896 0.4305555522441864 0.014583333395421505 0.06111111119389534
0 0.3825520873069763 0.4296296238899231 0.015104166232049465 0.06111111119389534
0 0.40312498807907104 0.4333333373069763 0.01354166679084301 0.05740740895271301
0 0.42265623807907104 0.4416666626930237 0.015104166232049465 0.05925925821065903
0 0.4403645694255829 0.43194442987442017 0.013020833022892475 0.06018518656492233
0 0.47734373807907104 0.35462963581085205 0.01614583283662796 0.08148147910833359
0 0.4963541626930237 0.3629629611968994 0.014583333395421505 0.05740740895271301
0 0.4763020873069763 0.42916667461395264 0.013020833022892475 0.05277777835726738
0 0.4976562559604645 0.4763889014720917 0.0234375 0.05833333358168602
0 0.5151041746139526 0.4277777671813965 0.014583333395421505 0.0555555559694767
0 0.5520833134651184 0.43194442987442017 0.015625 0.06388889253139496
0 0.5705729126930237 0.35462963581085205 0.01406249962747097 0.05925925821065903
0 0.6057291626930237 0.35462963581085205 0.015625 0.06481481343507767
0 0.6263020634651184 0.35092592239379883 0.015104166232049465 0.06111111119389534
0 0.6471354365348816 0.3541666567325592 0.015104166232049465 0.06574074178934097
0 0.6664062738418579 0.35879629850387573 0.01614583283662796 0.06388889253139496
0 0.7028645873069763 0.3550925850868225 0.01614583283662796 0.06018518656492233
0 0.7205728888511658 0.35648149251937866 0.01406249962747097 0.05925925821065903
0 0.7393229007720947 0.3620370328426361 0.01406249962747097 0.06481481343507767
0 0.7583333253860474 0.36574074625968933 0.014583333395421505 0.0555555559694767
0 0.77734375 0.364814817905426 0.015104166232049465 0.05925925821065903
0 0.7963541746139526 0.36157408356666565 0.015625 0.06203703582286835
0 0.5874999761581421 0.43888887763023376 0.014583333395421505 0.05925925821065903
0 0.606249988079071 0.4296296238899231 0.014583333395421505 0.06111111119389534
0 0.625781238079071 0.4287036955356598 0.015104166232049465 0.05925925821065903
0 0.6458333134651184 0.4314814805984497 0.014583333395421505 0.0555555559694767
0 0.6664062738418579 0.43101853132247925 0.01614583283662796 0.06574074178934097
0 0.6851562261581421 0.42314815521240234 0.015104166232049465 0.05740740895271301
0 0.7028645873069763 0.43009260296821594 0.01614583283662796 0.06759259104728699
0 0.721875011920929 0.4245370328426361 0.01354166679084301 0.05648148059844971
0 0.741406261920929 0.43611112236976624 0.01614583283662796 0.06296296417713165
0 0.7591145634651184 0.43981480598449707 0.015104166232049465 0.05925925821065903
0 0.776562511920929 0.42824074625968933 0.014583333395421505 0.05833333358168602
0 0.796093761920929 0.4407407343387604 0.01718750037252903 0.06296296417713165
0 0.13203124701976776 0.6004629731178284 0.015104166232049465 0.06018518656492233
0 0.15052083134651184 0.5995370149612427 0.014583333395421505 0.06574074178934097
0 0.16979166865348816 0.6000000238418579 0.01875000074505806 0.06666667014360428
0 0.20677083730697632 0.6037036776542664 0.014583333395421505 0.06481481343507767
0 0.22682291269302368 0.5962963104248047 0.01406249962747097 0.05740740895271301
0 0.24557290971279144 0.604629635810852 0.015104166232049465 0.05370370298624039
0 0.26510417461395264 0.595370352268219 0.015625 0.05370370298624039
0 0.2838541567325592 0.5995370149612427 0.01354166679084301 0.06018518656492233
0 0.3031249940395355 0.6000000238418579 0.01666666753590107 0.06296296417713165
0 0.3231770694255829 0.5967592597007751 0.015104166232049465 0.06203703582286835
0 0.35859376192092896 0.5990740656852722 0.01614583283662796 0.06296296417713165
0 0.37838542461395264 0.6041666865348816 0.01406249962747097 0.06203703582286835
0 0.3971354067325592 0.6106481552124023 0.015104166232049465 0.06203703582286835
0 0.41588541865348816 0.6115740537643433 0.013020833022892475 0.05648148059844971
0 0.4348958432674408 0.6120370626449585 0.01354166679084301 0.06296296417713165
0 0.4541666805744171 0.605555534362793 0.014583333395421505 0.06481481343507767
0 0.47187501192092896 0.6106481552124023 0.014583333395421505 0.06388889253139496
0 0.4932291805744171 0.612500011920929 0.014583333395421505 0.05648148059844971
0 0.5299479365348816 0.6027777791023254 0.015104166232049465 0.06296296417713165
0 0.12942709028720856 0.6782407164573669 0.01718750037252903 0.06388889253139496
0 0.15234375 0.6777777671813965 0.01614583283662796 0.06296296417713165
0 0.17005208134651184 0.6745370626449585 0.015104166232049465 0.06018518656492233
0 0.18593749403953552 0.6708333492279053 0.014583333395421505 0.06203703582286835
0 0.20651040971279144 0.6703703999519348 0.015104166232049465 0.05925925821065903
0 0.22682291269302368 0.6768518686294556 0.01406249962747097 0.06111111119389534
0 0.24505208432674408 0.6768518686294556 0.01614583283662796 0.06111111119389534
0 0.2630208432674408 0.6898148059844971 0.01666666753590107 0.06481481343507767
0 0.28307291865348816 0.6754629611968994 0.015104166232049465 0.05833333358168602
0 0.3020833432674408 0.6814814805984497 0.01354166679084301 0.05925925821065903
0 0.3205729126930237 0.6777777671813965 0.013020833022892475 0.0555555559694767
0 0.3388020694255829 0.6796296238899231 0.01406249962747097 0.0555555559694767
0 0.3591145873069763 0.6717592477798462 0.01406249962747097 0.05648148059844971
0 0.3776041567325592 0.6722221970558167 0.012500000186264515 0.046296294778585434
0 0.39635416865348816 0.6851851940155029 0.01354166679084301 0.06481481343507767
0 0.4153645932674408 0.6819444298744202 0.015104166232049465 0.06203703582286835
0 0.4348958432674408 0.6800925731658936 0.01354166679084301 0.06018518656492233
0 0.45390623807907104 0.6791666746139526 0.01406249962747097 0.06203703582286835
0 0.4716145694255829 0.6837962865829468 0.01406249962747097 0.06203703582286835
0 0.4908854067325592 0.6805555820465088 0.01406249962747097 0.05925925821065903
0 0.508593738079071 0.677314817905426 0.01406249962747097 0.05833333358168602
0 0.5286458134651184 0.6763888597488403 0.014583333395421505 0.06203703582286835
0 0.586718738079071 0.6074073910713196 0.01406249962747097 0.05370370298624039
0 0.6067708134651184 0.6041666865348816 0.014583333395421505 0.06388889253139496
0 0.625781238079071 0.602314829826355 0.01406249962747097 0.06018518656492233
0 0.645312488079071 0.5981481671333313 0.014583333395421505 0.06296296417713165
0 0.663281261920929 0.5981481671333313 0.015104166232049465 0.06111111119389534
0 0.6820312738418579 0.6013888716697693 0.01406249962747097 0.06018518656492233
0 0.7007812261581421 0.6069444417953491 0.01197916641831398 0.04537037014961243
0 0.7208333611488342 0.6041666865348816 0.014583333395421505 0.06018518656492233
0 0.7372395992279053 0.6037036776542664 0.01406249962747097 0.06111111119389534
0 0.7578125 0.6037036776542664 0.01770833320915699 0.06666667014360428
0 0.774218738079071 0.605555534362793 0.01614583283662796 0.06111111119389534
0 0.7934895753860474 0.6060185432434082 0.015104166232049465 0.06388889253139496
0 0.8127604126930237 0.6078703999519348 0.01406249962747097 0.05833333358168602
0 0.8302083611488342 0.605555534362793 0.015625 0.05925925821065903
0 0.8497396111488342 0.6069444417953491 0.01614583283662796 0.06018518656492233
0 0.870312511920929 0.6120370626449585 0.015625 0.06481481343507767
0 0.8911458253860474 0.6175925731658936 0.015625 0.05370370298624039
0 0.9065104126930237 0.6074073910713196 0.015104166232049465 0.05370370298624039
0 0.7541666626930237 0.6833333373069763 0.014583333395421505 0.06111111119389534
0 0.7747395634651184 0.6837962865829468 0.015104166232049465 0.06203703582286835
0 0.793749988079071 0.6847222447395325 0.014583333395421505 0.05648148059844971
0 0.8127604126930237 0.6810185313224792 0.01406249962747097 0.06018518656492233
0 0.831250011920929 0.6833333373069763 0.014583333395421505 0.05925925821065903
0 0.8494791388511658 0.6782407164573669 0.014583333395421505 0.06203703582286835
0 0.8677083253860474 0.6814814805984497 0.015625 0.06111111119389534
0 0.8882812261581421 0.6888889074325562 0.01614583283662796 0.06111111119389534
0 0.9072916507720947 0.6870370507240295 0.015625 0.06111111119389534
0 0.944531261920929 0.6856481432914734 0.01927083358168602 0.06203703582286835
0 0.21796874701976776 0.8481481671333313 0.01718750037252903 0.06851851940155029
0 0.24401041865348816 0.8486111164093018 0.015104166232049465 0.05462963134050369
0 0.2632812559604645 0.8518518805503845 0.015104166232049465 0.05925925821065903
0 0.2828125059604645 0.8518518805503845 0.014583333395421505 0.06296296417713165
0 0.3010416626930237 0.8560185432434082 0.01354166679084301 0.05833333358168602
0 0.31953126192092896 0.8495370149612427 0.015104166232049465 0.06759259104728699
0 0.3388020694255829 0.8500000238418579 0.015104166232049465 0.06851851940155029
0 0.35729166865348816 0.8601852059364319 0.014583333395421505 0.05925925821065903
0 0.3763020932674408 0.8541666865348816 0.015104166232049465 0.06203703582286835
0 0.39505207538604736 0.8467592597007751 0.01406249962747097 0.06203703582286835
0 0.4138020873069763 0.8560185432434082 0.01406249962747097 0.06203703582286835
0 0.43359375 0.8495370149612427 0.015104166232049465 0.0694444477558136
0 0.4533854126930237 0.8495370149612427 0.01406249962747097 0.06018518656492233
0 0.47265625 0.852314829826355 0.013020833022892475 0.06018518656492233
0 0.49166667461395264 0.8574073910713196 0.01354166679084301 0.05740740895271301
0 0.52734375 0.8578703999519348 0.01406249962747097 0.06018518656492233
0 0.546875 0.8578703999519348 0.014583333395421505 0.06388889253139496
0 0.56640625 0.8500000238418579 0.01406249962747097 0.07407407462596893
0 0.25989583134651184 0.925000011920929 0.014583333395421505 0.05925925821065903
0 0.27942708134651184 0.9240740537643433 0.015104166232049465 0.05740740895271301
0 0.30026042461395264 0.9282407164573669 0.01406249962747097 0.05833333358168602
0 0.31979167461395264 0.9245370626449585 0.014583333395421505 0.06574074178934097
0 0.3382812440395355 0.9291666746139526 0.015104166232049465 0.06018518656492233
0 0.3570312559604645 0.9296296238899231 0.015104166232049465 0.06296296417713165
0 0.37578123807907104 0.9314814805984497 0.01614583283662796 0.06851851940155029
0 0.39531248807907104 0.9212962985038757 0.012500000186264515 0.05370370298624039
0 0.4140625 0.9254629611968994 0.014583333395421505 0.06388889253139496
0 0.43281251192092896 0.9231481552124023 0.014583333395421505 0.05740740895271301
0 0.45234376192092896 0.9240740537643433 0.015104166232049465 0.06666667014360428
0 0.47187501192092896 0.9263888597488403 0.01354166679084301 0.06018518656492233
0 0.49010416865348816 0.9337962865829468 0.01354166679084301 0.06018518656492233
0 0.5093749761581421 0.9324073791503906 0.01354166679084301 0.06481481343507767
0 0.5278645753860474 0.9347222447395325 0.01406249962747097 0.05462963134050369
0 0.5473958253860474 0.9342592358589172 0.014583333395421505 0.06481481343507767
0 0.5661458373069763 0.9370370507240295 0.014583333395421505 0.06481481343507767
0 0.5841146111488342 0.9384258985519409 0.013020833022892475 0.06203703582286835
0 0.6036458611488342 0.9379629492759705 0.015625 0.06851851940155029
0 0.6229166388511658 0.9393518567085266 0.01354166679084301 0.05648148059844971
0 0.6429687738418579 0.9356481432914734 0.015104166232049465 0.06388889253139496
0 0.6625000238418579 0.9356481432914734 0.01354166679084301 0.06574074178934097
0 0.6807291507720947 0.9347222447395325 0.014583333395421505 0.05833333358168602
0 0.699999988079071 0.9314814805984497 0.014583333395421505 0.06296296417713165
0 0.7177083492279053 0.9379629492759705 0.014583333395421505 0.06296296417713165
0 0.7359374761581421 0.9324073791503906 0.015625 0.06296296417713165
0 0.7559896111488342 0.9402777552604675 0.01614583283662796 0.07500000298023224
0 0.7536458373069763 0.8486111164093018 0.01770833320915699 0.07870370149612427
0 0.7736979126930237 0.8509259223937988 0.015104166232049465 0.05925925821065903
0 0.7916666865348816 0.8527777791023254 0.014583333395421505 0.06111111119389534
0 0.811718761920929 0.8634259104728699 0.01614583283662796 0.06203703582286835
0 0.8304687738418579 0.864814817905426 0.01406249962747097 0.06296296417713165
0 0.8486979007720947 0.8666666746139526 0.013020833022892475 0.05740740895271301
0 0.8674479126930237 0.822685182094574 0.01614583283662796 0.05648148059844971
0 0.885937511920929 0.8587962985038757 0.01770833320915699 0.06203703582286835
0 0.9083333611488342 0.8513888716697693 0.01770833320915699 0.06388889253139496
0 0.7934895753860474 0.9324073791503906 0.01406249962747097 0.05740740895271301
0 0.809374988079071 0.9384258985519409 0.01666666753590107 0.06388889253139496
0 0.8294270634651184 0.9384258985519409 0.015104166232049465 0.06203703582286835
0 0.8492187261581421 0.9356481432914734 0.015104166232049465 0.06203703582286835
0 0.8684895634651184 0.9361110925674438 0.01822916604578495 0.07777778059244156
0 0.8893229365348816 0.9305555820465088 0.01614583283662796 0.06666667014360428
0 0.9083333611488342 0.9333333373069763 0.01666666753590107 0.05925925821065903
0 0.48828125 0.18009258806705475 0.013020833022892475 0.06203703582286835
0 0.5075520873069763 0.18333333730697632 0.01406249962747097 0.06666667014360428
0 0.547656238079071 0.19305555522441864 0.015104166232049465 0.07685185223817825
0 0.582812488079071 0.18796296417713165 0.015625 0.06111111119389534
0 0.6221354007720947 0.1893518567085266 0.01614583283662796 0.0824074074625969
0 0.6419270634651184 0.17546296119689941 0.01406249962747097 0.05833333358168602
0 0.6588541865348816 0.18009258806705475 0.01354166679084301 0.06388889253139496
0 0.6763020753860474 0.18194444477558136 0.015104166232049465 0.06018518656492233
0 0.6958333253860474 0.18287037312984467 0.014583333395421505 0.05833333358168602
0 0.7145833373069763 0.18379630148410797 0.01666666753590107 0.06574074178934097
0 0.7526041865348816 0.1953703761100769 0.01770833320915699 0.07777778059244156
0 0.7708333134651184 0.18703703582286835 0.01354166679084301 0.05925925821065903
0 0.7877604365348816 0.1856481432914734 0.015104166232049465 0.06388889253139496
0 0.8111979365348816 0.1796296238899231 0.01614583283662796 0.05925925821065903
0 0.8830729126930237 0.25462964177131653 0.0338541679084301 0.02777777798473835
0 0.8864583373069763 0.2907407283782959 0.03020833246409893 0.025925925001502037
0 0.8848958611488342 0.32407405972480774 0.03854166716337204 0.025925925001502037
0 0.8830729126930237 0.36759260296821594 0.0338541679084301 0.025925925001502037
0 0.8729166388511658 0.44398146867752075 0.01770833320915699 0.06388889253139496
0 0.8921874761581421 0.4393518567085266 0.014583333395421505 0.06203703582286835
0 0.9117187261581421 0.4416666626930237 0.01614583283662796 0.05925925821065903
0 0.9307291507720947 0.4337962865829468 0.015625 0.05092592537403107
0 0.949999988079071 0.4356481432914734 0.015625 0.06203703582286835
0 0.9692708253860474 0.43981480598449707 0.014583333395421505 0.05370370298624039
0 0.9877604246139526 0.5263888835906982 0.0234375 0.028703704476356506
0 0.9901041388511658 0.5597222447395325 0.01875000074505806 0.026851851493120193
0 0.991406261920929 0.5912036895751953 0.01614583283662796 0.021296296268701553
0 0.987500011920929 0.6231481432914734 0.02395833283662796 0.025925925001502037
0 0.9885416626930237 0.6569444537162781 0.02187499962747097 0.026851851493120193
0 0.9895833134651184 0.6939814686775208 0.01979166641831398 0.026851851493120193
0 0.9864583611488342 0.7282407283782959 0.02604166604578495 0.03055555559694767
0 0.991406261920929 0.7592592835426331 0.01614583283662796 0.024074073880910873
0 0.9888020753860474 0.7935185432434082 0.02135416679084301 0.029629629105329514
0 0.9898437261581421 0.8282407522201538 0.01927083358168602 0.026851851493120193
0 0.9880208373069763 0.8638888597488403 0.02291666716337204 0.031481482088565826
0 0.991406261920929 0.9194444417953491 0.01614583283662796 0.025925925001502037
0 0.9893229007720947 0.9523147940635681 0.02031249925494194 0.03055555559694767
0 0.16562500596046448 0.9833333492279053 0.02708333358168602 0.031481482088565826
