0 0.4908854067325592 0.5120370388031006 0.03281249850988388 0.02777777798473835
0 0.012500000186264515 0.016203703358769417 0.02500000037252903 0.032407406717538834
0 0.009114583022892475 0.05787036940455437 0.01822916604578495 0.032407406717538834
0 0.008593750186264515 0.09675925970077515 0.01718750037252903 0.032407406717538834
0 0.007552083116024733 0.13240741193294525 0.015104166232049465 0.03333333507180214
0 0.004687500186264515 0.16851851344108582 0.00937500037252903 0.029629629105329514
0 0.008854166604578495 0.20601852238178253 0.01770833320915699 0.03055555559694767
0 0.00963541679084301 0.24444444477558136 0.01927083358168602 0.03333333507180214
0 0.01197916641831398 0.28333333134651184 0.02395833283662796 0.03703703731298447
0 0.00807291641831398 0.3263888955116272 0.01614583283662796 0.028703704476356506
0 0.01171875 0.3611111044883728 0.0234375 0.03333333507180214
0 0.008854166604578495 0.39953702688217163 0.01770833320915699 0.03055555559694767
0 0.009114583022892475 0.43287035822868347 0.01822916604578495 0.028703704476356506
0 0.00989583320915699 0.47083333134651184 0.01979166641831398 0.03055555559694767
0 0.009114583022892475 0.5120370388031006 0.01822916604578495 0.029629629105329514
0 0.008333333767950535 0.5472221970558167 0.01666666753590107 0.029629629105329514
0 0.02916666679084301 0.5453703999519348 0.02187499962747097 0.0555555559694767
0 0.00937500037252903 0.5847222208976746 0.01875000074505806 0.028703704476356506
0 0.00989583320915699 0.6226851940155029 0.01979166641831398 0.028703704476356506
0 0.01354166679084301 0.6606481671333313 0.02708333358168602 0.034259259700775146
0 0.05104166641831398 0.6703703999519348 0.02187499962747097 0.06111111119389534
0 0.014583333395421505 0.7009259462356567 0.02916666679084301 0.03703703731298447
0 0.01666666753590107 0.7439814805984497 0.03333333507180214 0.037962961941957474
0 0.01406249962747097 0.7814815044403076 0.02812499925494194 0.03333333507180214
0 0.01692708395421505 0.8212962746620178 0.0338541679084301 0.040740739554166794
0 0.012239583767950535 0.8611111044883728 0.02447916753590107 0.03888889029622078
0 0.010416666977107525 0.8981481194496155 0.02083333395421505 0.031481482088565826
0 0.01197916641831398 0.9504629373550415 0.02395833283662796 0.034259259700775146
0 0.05364583432674408 0.8902778029441833 0.02291666716337204 0.06759259104728699
0 0.01406249962747097 0.9902777671813965 0.02812499925494194 0.017592592164874077
0 0.11484374850988388 0.047685183584690094 0.04531250149011612 0.037962961941957474
0 0.1158854141831398 0.08564814925193787 0.03489583358168602 0.03611111268401146
0 0.1171875 0.12546296417713165 0.02916666679084301 0.03055555559694767
0 0.11640624701976776 0.16111111640930176 0.04114583507180214 0.03333333507180214
0 0.1158854141831398 0.20324073731899261 0.03593749925494194 0.032407406717538834
0 0.1145833358168602 0.24027778208255768 0.04374999925494194 0.034259259700775146
0 0.11510416865348816 0.28009259700775146 0.03229166567325592 0.028703704476356506
0 0.11562500149011612 0.3222222328186035 0.0364583320915699 0.03333333507180214
0 0.11145833134651184 0.36342594027519226 0.03750000149011612 0.03055555559694767
0 0.11484374850988388 0.40046295523643494 0.04010416567325592 0.03055555559694767
0 0.11380208283662796 0.4694444537162781 0.04114583507180214 0.031481482088565826
0 0.1184895858168602 0.7300925850868225 0.04843749850988388 0.037962961941957474
0 0.11927083134651184 0.7749999761581421 0.03541666641831398 0.031481482088565826
0 0.1184895858168602 0.8129629492759705 0.03802083432674408 0.031481482088565826
0 0.11770833283662796 0.8527777791023254 0.046875 0.03703703731298447
0 0.12187500298023224 0.8902778029441833 0.03541666641831398 0.032407406717538834
0 0.12109375 0.9268518686294556 0.03802083432674408 0.03333333507180214
0 0.23359374701976776 0.051851850003004074 0.04010416567325592 0.035185184329748154
0 0.23359374701976776 0.08888889104127884 0.03489583358168602 0.03333333507180214
0 0.19583334028720856 0.11574073880910873 0.07604166865348816 0.10000000149011612
0 0.19895833730697632 0.16435185074806213 0.03854166716337204 0.034259259700775146
0 0.19687500596046448 0.2013888955116272 0.03541666641831398 0.034259259700775146
0 0.20104166865348816 0.244907408952713 0.03333333507180214 0.032407406717538834
0 0.24192708730697632 0.2439814805984497 0.04322916641831398 0.032407406717538834
0 0.19843749701976776 0.28611111640930176 0.03958333283662796 0.03333333507180214
0 0.24375000596046448 0.28425925970077515 0.03229166567325592 0.029629629105329514
0 0.24244791269302368 0.3231481611728668 0.03697916492819786 0.031481482088565826
0 0.2408854216337204 0.36250001192092896 0.04218750074505806 0.034259259700775146
0 0.19921875 0.36342594027519226 0.03593749925494194 0.034259259700775146
0 0.2018229216337204 0.40138888359069824 0.04114583507180214 0.03055555559694767
0 0.1979166716337204 0.4384259283542633 0.03958333283662796 0.032407406717538834
0 0.2421875 0.4407407343387604 0.03750000149011612 0.029629629105329514
0 0.24062499403953552 0.5157407522201538 0.0416666679084301 0.029629629105329514
0 0.19765624403953552 0.5189814567565918 0.04010416567325592 0.032407406717538834
0 0.19453124701976776 0.5601851940155029 0.0338541679084301 0.029629629105329514
0 0.23776040971279144 0.5569444298744202 0.03802083432674408 0.032407406717538834
0 0.19687500596046448 0.595370352268219 0.03750000149011612 0.029629629105329514
0 0.23984375596046448 0.5949074029922485 0.0390625 0.032407406717538834
0 0.19843749701976776 0.6324074268341064 0.04062499850988388 0.03333333507180214
0 0.24375000596046448 0.6310185194015503 0.03333333507180214 0.03055555559694767
0 0.24505208432674408 0.6736111044883728 0.04010416567325592 0.03055555559694767
0 0.20000000298023224 0.6722221970558167 0.03750000149011612 0.031481482088565826
0 0.20026041567325592 0.7106481194496155 0.04322916641831398 0.03611111268401146
0 0.20208333432674408 0.7509258985519409 0.03333333507180214 0.031481482088565826
0 0.24322916567325592 0.7486110925674438 0.03750000149011612 0.034259259700775146
0 0.20234374701976776 0.7912036776542664 0.04531250149011612 0.034259259700775146
0 0.24375000596046448 0.7861111164093018 0.0364583320915699 0.029629629105329514
0 0.24765625596046448 0.8263888955116272 0.0390625 0.032407406717538834
0 0.24322916567325592 0.8652777671813965 0.03750000149011612 0.034259259700775146
0 0.19921875 0.8694444298744202 0.04010416567325592 0.03333333507180214
0 0.24114583432674408 0.904629647731781 0.04270833358168602 0.031481482088565826
0 0.20520833134651184 0.9425926208496094 0.046875 0.03703703731298447
0 0.1979166716337204 0.9837962985038757 0.0416666679084301 0.03055555559694767
0 0.3283854126930237 0.9777777791023254 0.03489583358168602 0.03333333507180214
0 0.3708333373069763 0.9717592597007751 0.03750000149011612 0.034259259700775146
0 0.32760417461395264 0.9398148059844971 0.0416666679084301 0.03703703731298447
0 0.3684895932674408 0.8990740776062012 0.04531250149011612 0.03703703731298447
0 0.36640626192092896 0.8611111044883728 0.03802083432674408 0.03888889029622078
0 0.3270833194255829 0.8657407164573669 0.03229166567325592 0.031481482088565826
0 0.33151042461395264 0.822685182094574 0.0442708320915699 0.03611111268401146
0 0.3283854126930237 0.7856481671333313 0.03281249850988388 0.03055555559694767
0 0.3669270873069763 0.7819444537162781 0.04010416567325592 0.034259259700775146
0 0.32499998807907104 0.7467592358589172 0.03854166716337204 0.034259259700775146
0 0.3674479126930237 0.7060185074806213 0.04010416567325592 0.034259259700775146
0 0.3648437559604645 0.6662036776542664 0.03697916492819786 0.034259259700775146
0 0.32499998807907104 0.6703703999519348 0.03958333283662796 0.031481482088565826
0 0.3265624940395355 0.6333333253860474 0.03333333507180214 0.02777777798473835
0 0.36796873807907104 0.6277777552604675 0.03489583358168602 0.029629629105329514
0 0.32760417461395264 0.5925925970077515 0.03958333283662796 0.031481482088565826
0 0.37161457538604736 0.5537037253379822 0.03697916492819786 0.031481482088565826
0 0.3270833194255829 0.5550925731658936 0.03958333283662796 0.03055555559694767
0 0.36927083134651184 0.5115740895271301 0.04062499850988388 0.032407406717538834
0 0.3257812559604645 0.5134259462356567 0.03697916492819786 0.028703704476356506
0 0.3255208432674408 0.47685185074806213 0.0364583320915699 0.031481482088565826
0 0.3635416626930237 0.46851852536201477 0.02916666679084301 0.025925925001502037
0 0.3257812559604645 0.43981480598449707 0.04218750074505806 0.031481482088565826
0 0.3244791626930237 0.40138888359069824 0.03750000149011612 0.034259259700775146
0 0.36510416865348816 0.3976851999759674 0.03229166567325592 0.03055555559694767
0 0.3674479126930237 0.36064815521240234 0.03489583358168602 0.03055555559694767
0 0.32369792461395264 0.3629629611968994 0.04322916641831398 0.031481482088565826
0 0.3257812559604645 0.3222222328186035 0.04322916641831398 0.035185184329748154
0 0.3265624940395355 0.2819444537162781 0.0416666679084301 0.032407406717538834
0 0.3695312440395355 0.28611111640930176 0.03072916716337204 0.029629629105329514
0 0.37031251192092896 0.24537037312984467 0.03958333283662796 0.03333333507180214
0 0.3270833194255829 0.24120371043682098 0.03333333507180214 0.028703704476356506
0 0.3268229067325592 0.2013888955116272 0.03802083432674408 0.03055555559694767
0 0.37291666865348816 0.20416666567325592 0.046875 0.034259259700775146
0 0.3656249940395355 0.16527777910232544 0.03750000149011612 0.03611111268401146
0 0.3239583373069763 0.12731482088565826 0.04479166492819786 0.03611111268401146
0 0.3630208373069763 0.12777778506278992 0.03125 0.031481482088565826
0 0.3619791567325592 0.08981481194496155 0.03854166716337204 0.035185184329748154
0 0.3203125 0.0912037044763565 0.04062499850988388 0.03611111268401146
0 0.31822916865348816 0.05231481418013573 0.0364583320915699 0.034259259700775146
0 0.3606770932674408 0.05092592537403107 0.04114583507180214 0.035185184329748154
0 0.44973957538604736 0.049074072390794754 0.0442708320915699 0.03333333507180214
0 0.49427083134651184 0.04953703656792641 0.03125 0.03055555559694767
0 0.4463541805744171 0.08935185521841049 0.03541666641831398 0.034259259700775146
0 0.4895833432674408 0.08564814925193787 0.03958333283662796 0.03611111268401146
0 0.4502604305744171 0.12546296417713165 0.04010416567325592 0.034259259700775146
0 0.4450520873069763 0.1657407432794571 0.03281249850988388 0.031481482088565826
0 0.4859375059604645 0.16527777910232544 0.0364583320915699 0.032407406717538834
0 0.4468750059604645 0.20277777314186096 0.03750000149011612 0.03333333507180214
0 0.4885416626930237 0.20324073731899261 0.03541666641831398 0.032407406717538834
0 0.44739583134651184 0.24259258806705475 0.03333333507180214 0.031481482088565826
0 0.48645833134651184 0.24027778208255768 0.03541666641831398 0.03055555559694767
0 0.46796876192092896 0.2819444537162781 0.0755208358168602 0.03055555559694767
0 0.4736979305744171 0.28148147463798523 0.07239583134651184 0.031481482088565826
0 0.44921875 0.32175925374031067 0.03489583358168602 0.028703704476356506
0 0.4895833432674408 0.3212963044643402 0.03750000149011612 0.029629629105329514
0 0.4481770694255829 0.3601851761341095 0.03593749925494194 0.029629629105329514
0 0.4455729126930237 0.39907407760620117 0.03697916492819786 0.031481482088565826
0 0.4921875 0.3958333432674408 0.0364583320915699 0.03055555559694767
0 0.4908854067325592 0.432407408952713 0.04114583507180214 0.029629629105329514
0 0.4494791626930237 0.4365740716457367 0.03750000149011612 0.032407406717538834
0 0.45130208134651184 0.47592592239379883 0.04010416567325592 0.029629629105329514
0 0.4489583373069763 0.5129629373550415 0.03854166716337204 0.031481482088565826
0 0.4520833194255829 0.5495370626449585 0.03541666641831398 0.028703704476356506
0 0.4924479126930237 0.5490740537643433 0.0390625 0.031481482088565826
0 0.4533854126930237 0.5865740776062012 0.03802083432674408 0.028703704476356506
0 0.4945312440395355 0.5865740776062012 0.03072916716337204 0.02500000037252903
0 0.4528645873069763 0.6254629492759705 0.03802083432674408 0.028703704476356506
0 0.45520833134651184 0.6652777791023254 0.03958333283662796 0.034259259700775146
0 0.49661457538604736 0.6597222089767456 0.04010416567325592 0.032407406717538834
0 0.4515624940395355 0.7046296000480652 0.03750000149011612 0.02777777798473835
0 0.4921875 0.7037037014961243 0.0364583320915699 0.031481482088565826
0 0.4544270932674408 0.7439814805984497 0.03489583358168602 0.03055555559694767
0 0.4494791626930237 0.7819444537162781 0.03854166716337204 0.034259259700775146
0 0.4921875 0.7759259343147278 0.03541666641831398 0.03333333507180214
0 0.4544270932674408 0.8199074268341064 0.0390625 0.03055555559694767
0 0.4973958432674408 0.8148148059844971 0.03958333283662796 0.031481482088565826
0 0.45234376192092896 0.8592592477798462 0.04322916641831398 0.035185184329748154
0 0.4932291805744171 0.8550925850868225 0.03541666641831398 0.032407406717538834
0 0.45390623807907104 0.8995370268821716 0.03593749925494194 0.03055555559694767
0 0.4502604305744171 0.9356481432914734 0.03489583358168602 0.032407406717538834
0 0.49166667461395264 0.9337962865829468 0.0364583320915699 0.032407406717538834
0 0.4515624940395355 0.9731481671333313 0.04270833358168602 0.031481482088565826
0 0.49140626192092896 0.970370352268219 0.03177083283662796 0.029629629105329514
0 0.5687500238418579 0.9685184955596924 0.03750000149011612 0.03333333507180214
0 0.6114583611488342 0.9685184955596924 0.03854166716337204 0.035185184329748154
0 0.6130208373069763 0.9342592358589172 0.03541666641831398 0.031481482088565826
0 0.5723958611488342 0.9287037253379822 0.03854166716337204 0.029629629105329514
0 0.5697916746139526 0.8930555582046509 0.03437500074505806 0.03055555559694767
0 0.6104166507720947 0.8898147940635681 0.03750000149011612 0.031481482088565826
0 0.5716145634651184 0.8537036776542664 0.03697916492819786 0.035185184329748154
0 0.6065104007720947 0.8138889074325562 0.03802083432674408 0.031481482088565826
0 0.604687511920929 0.7708333134651184 0.03750000149011612 0.03055555559694767
0 0.6044270992279053 0.7300925850868225 0.04218750074505806 0.032407406717538834
0 0.6117187738418579 0.6587963104248047 0.04010416567325592 0.03055555559694767
0 0.5703125 0.6583333611488342 0.03333333507180214 0.031481482088565826
0 0.573437511920929 0.5847222208976746 0.03437500074505806 0.03055555559694767
0 0.612500011920929 0.5842592716217041 0.03750000149011612 0.031481482088565826
0 0.5721353888511658 0.5518518686294556 0.03802083432674408 0.029629629105329514
0 0.5726562738418579 0.5129629373550415 0.0338541679084301 0.02777777798473835
0 0.6143229007720947 0.512499988079071 0.03697916492819786 0.03055555559694767
0 0.6083333492279053 0.47268518805503845 0.04062499850988388 0.032407406717538834
0 0.6111978888511658 0.4305555522441864 0.0390625 0.02777777798473835
0 0.6109374761581421 0.39351850748062134 0.03437500074505806 0.02777777798473835
0 0.5718749761581421 0.3958333432674408 0.0416666679084301 0.032407406717538834
0 0.5708333253860474 0.317592591047287 0.0416666679084301 0.031481482088565826
0 0.6098958253860474 0.31712964177131653 0.0364583320915699 0.032407406717538834
0 0.5726562738418579 0.2828703820705414 0.03489583358168602 0.034259259700775146
0 0.609375 0.24120371043682098 0.04270833358168602 0.032407406717538834
0 0.60546875 0.19722221791744232 0.03802083432674408 0.03333333507180214
0 0.5666666626930237 0.2023148089647293 0.03437500074505806 0.03055555559694767
0 0.6070312261581421 0.1587962955236435 0.03281249850988388 0.03055555559694767
0 0.5625 0.12546296417713165 0.04583333432674408 0.037962961941957474
0 0.6065104007720947 0.12037037312984467 0.03697916492819786 0.035185184329748154
0 0.6078125238418579 0.08287037163972855 0.03437500074505806 0.032407406717538834
0 0.5705729126930237 0.08379629999399185 0.03802083432674408 0.034259259700775146
0 0.5700520873069763 0.044907405972480774 0.03489583358168602 0.032407406717538834
0 0.6067708134651184 0.046296294778585434 0.03333333507180214 0.029629629105329514
0 0.5661458373069763 0.012037036940455437 0.03229166567325592 0.024074073880910873
0 0.604687511920929 0.012962962500751019 0.03854166716337204 0.025925925001502037
0 0.655468761920929 0.022685185074806213 0.02552083320915699 0.04537037014961243
0 0.6929687261581421 0.011574073694646358 0.03697916492819786 0.023148147389292717
0 0.7317708134651184 0.010185184888541698 0.04062499850988388 0.020370369777083397
0 0.7328125238418579 0.04305555671453476 0.0364583320915699 0.032407406717538834
0 0.6898437738418579 0.04722222313284874 0.0390625 0.035185184329748154
0 0.6929687261581421 0.08425925672054291 0.04218750074505806 0.03333333507180214
0 0.7393229007720947 0.08518518507480621 0.0442708320915699 0.03703703731298447
0 0.7307291626930237 0.12361110746860504 0.04062499850988388 0.034259259700775146
0 0.7315104007720947 0.16018518805503845 0.03802083432674408 0.035185184329748154
0 0.7309895753860474 0.19768518209457397 0.03697916492819786 0.034259259700775146
0 0.7341145873069763 0.2361111044883728 0.0390625 0.029629629105329514
0 0.6924479007720947 0.2351851910352707 0.03802083432674408 0.031481482088565826
0 0.690625011920929 0.2726851999759674 0.03958333283662796 0.032407406717538834
0 0.7354166507720947 0.2750000059604645 0.04270833358168602 0.03333333507180214
0 0.729687511920929 0.31481480598449707 0.04062499850988388 0.035185184329748154
0 0.7276041507720947 0.3532407283782959 0.03437500074505806 0.03055555559694767
0 0.686718761920929 0.3523148000240326 0.0390625 0.032407406717538834
0 0.69140625 0.42916667461395264 0.03593749925494194 0.03055555559694767
0 0.7322916388511658 0.42824074625968933 0.03750000149011612 0.032407406717538834
0 0.6927083134651184 0.5078703761100769 0.03958333283662796 0.034259259700775146
0 0.6927083134651184 0.5435185432434082 0.03437500074505806 0.02777777798473835
0 0.7330729365348816 0.5462962985038757 0.0338541679084301 0.031481482088565826
0 0.73046875 0.581944465637207 0.03802083432674408 0.03055555559694767
0 0.6942708492279053 0.6185185313224792 0.0416666679084301 0.031481482088565826
0 0.694531261920929 0.6569444537162781 0.03802083432674408 0.032407406717538834
0 0.734375 0.6962962746620178 0.0416666679084301 0.03888889029622078
0 0.7361978888511658 0.7361111044883728 0.04010416567325592 0.03333333507180214
0 0.694531261920929 0.7379629611968994 0.03802083432674408 0.03333333507180214
0 0.6927083134651184 0.7759259343147278 0.03854166716337204 0.03333333507180214
0 0.7346354126930237 0.8092592358589172 0.04218750074505806 0.035185184329748154
0 0.6953125 0.8481481671333313 0.03958333283662796 0.03333333507180214
0 0.6979166865348816 0.8939814567565918 0.04062499850988388 0.034259259700775146
0 0.7333333492279053 0.9231481552124023 0.03854166716337204 0.040740739554166794
0 0.7346354126930237 0.9652777910232544 0.04010416567325592 0.034259259700775146
0 0.8203125 0.9763888716697693 0.04374999925494194 0.04537037014961243
0 0.8200520873069763 0.8615740537643433 0.04322916641831398 0.03611111268401146
0 0.8179687261581421 0.8240740895271301 0.03593749925494194 0.03333333507180214
0 0.8161458373069763 0.7837963104248047 0.03541666641831398 0.034259259700775146
0 0.8986979126930237 0.845370352268219 0.02239583246409893 0.06851851940155029
0 0.8958333134651184 0.7532407641410828 0.02187499962747097 0.06759259104728699
0 0.8794270753860474 0.9800925850868225 0.0234375 0.037962961941957474
0 0.8177083134651184 0.6712962985038757 0.03958333283662796 0.03333333507180214
0 0.815625011920929 0.6333333253860474 0.0364583320915699 0.035185184329748154
0 0.8122395873069763 0.5912036895751953 0.04114583507180214 0.034259259700775146
0 0.86328125 0.5375000238418579 0.02135416679084301 0.06388889253139496
0 0.921875 0.4930555522441864 0.04062499850988388 0.032407406717538834
0 0.9333333373069763 0.5361111164093018 0.05520833283662796 0.035185184329748154
0 0.934374988079071 0.5754629373550415 0.0416666679084301 0.03055555559694767
0 0.9286458492279053 0.6180555820465088 0.0364583320915699 0.03055555559694767
0 0.9338541626930237 0.6587963104248047 0.03541666641831398 0.03055555559694767
0 0.9296875 0.6990740895271301 0.03854166716337204 0.03333333507180214
0 0.9364583492279053 0.7421296238899231 0.05833333358168602 0.03981481492519379
0 0.9377604126930237 0.7861111164093018 0.05572916567325592 0.03888889029622078
0 0.92578125 0.3967592716217041 0.04322916641831398 0.032407406717538834
0 0.8205729126930237 0.27824074029922485 0.02239583246409893 0.06759259104728699
0 0.819531261920929 0.07777778059244156 0.03802083432674408 0.035185184329748154
0 0.8153645992279053 0.03888889029622078 0.04322916641831398 0.035185184329748154
0 0.8148437738418579 0.009722222574055195 0.03802083432674408 0.01944444514811039
0 0.8651041388511658 0.0416666679084301 0.01979166641831398 0.06481481343507767
