0 0.07395832985639572 0.015277777798473835 0.03333333507180214 0.03055555559694767
0 0.012239583767950535 0.07222222536802292 0.02447916753590107 0.05000000074505806
0 0.49036458134651184 0.18796296417713165 0.013020833022892475 0.06111111119389534
0 0.5088541507720947 0.19074073433876038 0.014583333395421505 0.06666667014360428
0 0.5291666388511658 0.1953703761100769 0.015625 0.06481481343507767
0 0.5497395992279053 0.19907407462596893 0.015104166232049465 0.07592592388391495
0 0.5846354365348816 0.1944444477558136 0.015104166232049465 0.06111111119389534
0 0.6033853888511658 0.1865740716457367 0.01406249962747097 0.06203703582286835
0 0.624218761920929 0.1953703761100769 0.01614583283662796 0.08148147910833359
0 0.643750011920929 0.1814814805984497 0.01354166679084301 0.05925925821065903
0 0.660937488079071 0.18472221493721008 0.01354166679084301 0.06388889253139496
0 0.6781250238418579 0.18703703582286835 0.014583333395421505 0.05925925821065903
0 0.6973958611488342 0.18703703582286835 0.014583333395421505 0.05925925821065903
0 0.7164062261581421 0.18703703582286835 0.01614583283662796 0.06666667014360428
0 0.7354166507720947 0.18611110746860504 0.01354166679084301 0.05000000074505806
0 0.754687488079071 0.19907407462596893 0.01666666753590107 0.07777778059244156
0 0.772656261920929 0.19027778506278992 0.01406249962747097 0.05833333358168602
0 0.7893229126930237 0.1884259283542633 0.015104166232049465 0.06388889253139496
0 0.8130208253860474 0.18333333730697632 0.015625 0.05925925821065903
0 0.6065104007720947 0.28796297311782837 0.03489583358168602 0.02777777798473835
0 0.8848958611488342 0.2560185194015503 0.03333333507180214 0.028703704476356506
0 0.8882812261581421 0.2916666567325592 0.03072916716337204 0.024074073880910873
0 0.887499988079071 0.3254629671573639 0.03958333283662796 0.026851851493120193
0 0.8851562738418579 0.36944442987442017 0.03489583358168602 0.025925925001502037
0 0.875781238079071 0.44583332538604736 0.01822916604578495 0.06203703582286835
0 0.895312488079071 0.4407407343387604 0.014583333395421505 0.06111111119389534
0 0.9143229126930237 0.4435185194015503 0.01718750037252903 0.05925925821065903
0 0.9338541626930237 0.43518519401550293 0.015625 0.05000000074505806
0 0.9528645873069763 0.43703705072402954 0.01718750037252903 0.06111111119389534
0 0.9721354246139526 0.4393518567085266 0.015104166232049465 0.05462963134050369
0 0.9893229007720947 0.5263888835906982 0.02031249925494194 0.028703704476356506
0 0.9919270873069763 0.5592592358589172 0.015104166232049465 0.025925925001502037
0 0.9895833134651184 0.6226851940155029 0.01979166641831398 0.026851851493120193
0 0.9906250238418579 0.6569444537162781 0.01770833320915699 0.026851851493120193
0 0.9916666746139526 0.6939814686775208 0.015625 0.026851851493120193
0 0.9885416626930237 0.727314829826355 0.02187499962747097 0.03055555559694767
0 0.9940103888511658 0.7587962746620178 0.010937499813735485 0.023148147389292717
0 0.9911458492279053 0.7949073910713196 0.01666666753590107 0.032407406717538834
0 0.9940103888511658 0.8259259462356567 0.010937499813735485 0.025925925001502037
0 0.9908854365348816 0.8615740537643433 0.01718750037252903 0.03055555559694767
0 0.9945312738418579 0.9194444417953491 0.00989583320915699 0.025925925001502037
0 0.9934895634651184 0.9495370388031006 0.01197916641831398 0.028703704476356506
0 0.9507812261581421 0.9037036895751953 0.01822916604578495 0.06111111119389534
0 0.913281261920929 0.7425925731658936 0.03489583358168602 0.03888889029622078
0 0.8023437261581421 0.7884259223937988 0.03281249850988388 0.02500000037252903
0 0.8671875 0.7916666865348816 0.03541666641831398 0.025925925001502037
0 0.9138020873069763 0.8532407283782959 0.01822916604578495 0.06574074178934097
0 0.8916666507720947 0.8601852059364319 0.01666666753590107 0.06111111119389534
0 0.8734375238418579 0.8638888597488403 0.01666666753590107 0.06111111119389534
0 0.8541666865348816 0.8680555820465088 0.01354166679084301 0.05648148059844971
0 0.8364583253860474 0.8671296238899231 0.015625 0.06203703582286835
0 0.8177083134651184 0.8666666746139526 0.014583333395421505 0.06111111119389534
0 0.7973958253860474 0.8583333492279053 0.015625 0.06296296417713165
0 0.7794271111488342 0.855555534362793 0.015104166232049465 0.06111111119389534
0 0.7593749761581421 0.8541666865348816 0.01770833320915699 0.08055555820465088
0 0.9138020873069763 0.9337962865829468 0.01718750037252903 0.06388889253139496
0 0.8958333134651184 0.9300925731658936 0.015625 0.06203703582286835
0 0.875 0.9379629492759705 0.01875000074505806 0.07777778059244156
0 0.8552083373069763 0.9388889074325562 0.015625 0.06111111119389534
0 0.8359375 0.9416666626930237 0.015625 0.06111111119389534
0 0.81640625 0.9416666626930237 0.01718750037252903 0.06481481343507767
0 0.7997395992279053 0.9356481432914734 0.01406249962747097 0.05833333358168602
0 0.78125 0.9393518567085266 0.015625 0.06018518656492233
0 0.7622395753860474 0.9425926208496094 0.01614583283662796 0.07592592388391495
0 0.7419270873069763 0.9365741014480591 0.01614583283662796 0.06203703582286835
0 0.7242187261581421 0.9416666626930237 0.015104166232049465 0.06481481343507767
0 0.7059895992279053 0.9361110925674438 0.01406249962747097 0.06296296417713165
0 0.686718761920929 0.9398148059844971 0.01406249962747097 0.05740740895271301
0 0.6684895753860474 0.9412037134170532 0.01406249962747097 0.06574074178934097
0 0.6486979126930237 0.9421296119689941 0.015104166232049465 0.06388889253139496
0 0.629687488079071 0.9453703761100769 0.014583333395421505 0.05740740895271301
0 0.6096354126930237 0.9444444179534912 0.015104166232049465 0.06851851940155029
0 0.5901041626930237 0.9453703761100769 0.01354166679084301 0.06111111119389534
0 0.5721353888511658 0.9449074268341064 0.01406249962747097 0.06388889253139496
0 0.5533854365348816 0.9425926208496094 0.01406249962747097 0.06481481343507767
0 0.5338541865348816 0.9425926208496094 0.01354166679084301 0.0555555559694767
0 0.514843761920929 0.9407407641410828 0.01406249962747097 0.06481481343507767
0 0.49557292461395264 0.9430555701255798 0.01406249962747097 0.05833333358168602
0 0.4776041805744171 0.9347222447395325 0.01354166679084301 0.06018518656492233
0 0.45781248807907104 0.9333333373069763 0.015625 0.06296296417713165
0 0.4385416805744171 0.9333333373069763 0.014583333395421505 0.05740740895271301
0 0.41979166865348816 0.9356481432914734 0.014583333395421505 0.06203703582286835
0 0.4007812440395355 0.9324073791503906 0.013020833022892475 0.05370370298624039
0 0.38098958134651184 0.9416666626930237 0.015104166232049465 0.06851851940155029
0 0.36250001192092896 0.9402777552604675 0.01354166679084301 0.06203703582286835
0 0.3440104126930237 0.9398148059844971 0.015104166232049465 0.06111111119389534
0 0.3252604305744171 0.9365741014480591 0.01406249962747097 0.06388889253139496
0 0.30546873807907104 0.9402777552604675 0.01406249962747097 0.05648148059844971
0 0.28437501192092896 0.9365741014480591 0.014583333395421505 0.05648148059844971
0 0.26510417461395264 0.9379629492759705 0.014583333395421505 0.06111111119389534
0 0.5718749761581421 0.8560185432434082 0.015625 0.07129629701375961
0 0.5523437261581421 0.8643518686294556 0.013020833022892475 0.06018518656492233
0 0.5330728888511658 0.8652777671813965 0.013020833022892475 0.06018518656492233
0 0.5138021111488342 0.8569444417953491 0.01614583283662796 0.07500000298023224
0 0.49687498807907104 0.8657407164573669 0.01354166679084301 0.05740740895271301
0 0.4778645932674408 0.8615740537643433 0.013020833022892475 0.05833333358168602
0 0.4585937559604645 0.8583333492279053 0.01406249962747097 0.05925925821065903
0 0.4388020932674408 0.8592592477798462 0.01614583283662796 0.07037036865949631
0 0.4190104305744171 0.864814817905426 0.01406249962747097 0.06111111119389534
0 0.40026041865348816 0.8569444417953491 0.015104166232049465 0.06203703582286835
0 0.3815104067325592 0.864814817905426 0.015104166232049465 0.06296296417713165
0 0.3622395694255829 0.8708333373069763 0.01406249962747097 0.06018518656492233
0 0.3440104126930237 0.8606481552124023 0.01614583283662796 0.0694444477558136
0 0.3239583373069763 0.8611111044883728 0.01666666753590107 0.06851851940155029
0 0.3057291805744171 0.8675925731658936 0.01354166679084301 0.05740740895271301
0 0.2874999940395355 0.8638888597488403 0.014583333395421505 0.06111111119389534
0 0.2682291567325592 0.8638888597488403 0.014583333395421505 0.05740740895271301
0 0.24895833432674408 0.8606481552124023 0.014583333395421505 0.05462963134050369
0 0.22291666269302368 0.8601852059364319 0.01770833320915699 0.06666667014360428
0 0.7393229007720947 0.5152778029441833 0.03593749925494194 0.026851851493120193
0 0.46666666865348816 0.5388888716697693 0.03125 0.024074073880910873
0 0.5911458134651184 0.6138888597488403 0.01354166679084301 0.05370370298624039
0 0.6109374761581421 0.6097221970558167 0.014583333395421505 0.06388889253139496
0 0.6304687261581421 0.6087962985038757 0.01406249962747097 0.06018518656492233
0 0.649218738079071 0.6041666865348816 0.015104166232049465 0.06388889253139496
0 0.6669270992279053 0.6037036776542664 0.015104166232049465 0.06111111119389534
0 0.6861979365348816 0.6064814925193787 0.01406249962747097 0.06111111119389534
0 0.7052083611488342 0.6115740537643433 0.012500000186264515 0.04722222313284874
0 0.7247396111488342 0.6083333492279053 0.01406249962747097 0.05925925821065903
0 0.7411458492279053 0.6074073910713196 0.014583333395421505 0.06111111119389534
0 0.7611979246139526 0.6069444417953491 0.01718750037252903 0.06574074178934097
0 0.7786458134651184 0.6083333492279053 0.015625 0.06111111119389534
0 0.797656238079071 0.6083333492279053 0.015104166232049465 0.06481481343507767
0 0.8166666626930237 0.6120370626449585 0.014583333395421505 0.05925925821065903
0 0.8343750238418579 0.6074073910713196 0.015625 0.05925925821065903
0 0.8539062738418579 0.6101852059364319 0.01614583283662796 0.05925925821065903
0 0.874218761920929 0.6138888597488403 0.01614583283662796 0.06481481343507767
0 0.895312488079071 0.6203703880310059 0.014583333395421505 0.0555555559694767
0 0.9111979007720947 0.6092592477798462 0.01406249962747097 0.05370370298624039
0 0.7588541507720947 0.6870370507240295 0.01354166679084301 0.05925925821065903
0 0.7794271111488342 0.6870370507240295 0.015104166232049465 0.06296296417713165
0 0.7984374761581421 0.6870370507240295 0.014583333395421505 0.0555555559694767
0 0.817187488079071 0.6828703880310059 0.014583333395421505 0.06018518656492233
0 0.8359375 0.6856481432914734 0.015625 0.05833333358168602
0 0.8539062738418579 0.6805555820465088 0.015104166232049465 0.06111111119389534
0 0.8744791746139526 0.6842592358589172 0.015625 0.0555555559694767
0 0.8927083611488342 0.6907407641410828 0.01666666753590107 0.05925925821065903
0 0.9127604365348816 0.6879629492759705 0.015104166232049465 0.06111111119389534
0 0.5333333611488342 0.6837962865829468 0.014583333395421505 0.06203703582286835
0 0.5132812261581421 0.6865741014480591 0.01406249962747097 0.05648148059844971
0 0.49557292461395264 0.6884258985519409 0.01406249962747097 0.05833333358168602
0 0.4763020873069763 0.6925926208496094 0.01406249962747097 0.06111111119389534
0 0.4583333432674408 0.6875 0.01354166679084301 0.06203703582286835
0 0.4390625059604645 0.6893518567085266 0.01354166679084301 0.05833333358168602
0 0.42005208134651184 0.6907407641410828 0.015104166232049465 0.06111111119389534
0 0.4007812440395355 0.6949074268341064 0.01406249962747097 0.06388889253139496
0 0.3817708194255829 0.6814814805984497 0.012500000186264515 0.046296294778585434
0 0.36328125 0.6819444298744202 0.01406249962747097 0.05648148059844971
0 0.3427083194255829 0.6902777552604675 0.01354166679084301 0.05648148059844971
0 0.3252604305744171 0.6884258985519409 0.01406249962747097 0.05648148059844971
0 0.30677083134651184 0.6916666626930237 0.01354166679084301 0.05925925821065903
0 0.28697916865348816 0.6865741014480591 0.014583333395421505 0.05833333358168602
0 0.2669270932674408 0.7009259462356567 0.015104166232049465 0.06296296417713165
0 0.24921874701976776 0.6884258985519409 0.01614583283662796 0.06018518656492233
0 0.23072916269302368 0.6893518567085266 0.014583333395421505 0.06018518656492233
0 0.20989583432674408 0.6837962865829468 0.015625 0.05833333358168602
0 0.18984374403953552 0.6847222447395325 0.01406249962747097 0.06203703582286835
0 0.17343750596046448 0.6875 0.014583333395421505 0.06018518656492233
0 0.15625 0.6921296119689941 0.015625 0.06203703582286835
0 0.13333334028720856 0.6921296119689941 0.01770833320915699 0.06388889253139496
0 0.5341145992279053 0.6097221970558167 0.015104166232049465 0.06203703582286835
0 0.5153645873069763 0.6087962985038757 0.013020833022892475 0.06018518656492233
0 0.4976562559604645 0.6199073791503906 0.01406249962747097 0.05833333358168602
0 0.47578126192092896 0.6185185313224792 0.01406249962747097 0.06111111119389534
0 0.4580729305744171 0.6143518686294556 0.01406249962747097 0.06574074178934097
0 0.4390625059604645 0.6208333373069763 0.01354166679084301 0.06203703582286835
0 0.4203124940395355 0.6203703880310059 0.014583333395421505 0.05925925821065903
0 0.4010416567325592 0.6194444298744202 0.014583333395421505 0.06111111119389534
0 0.38203126192092896 0.6143518686294556 0.01406249962747097 0.06018518656492233
0 0.36276042461395264 0.6087962985038757 0.015104166232049465 0.06203703582286835
0 0.3440104126930237 0.612500011920929 0.01406249962747097 0.05833333358168602
0 0.3268229067325592 0.6078703999519348 0.01614583283662796 0.06388889253139496
0 0.30677083134651184 0.6111111044883728 0.015625 0.06111111119389534
0 0.28723958134651184 0.6115740537643433 0.015104166232049465 0.06018518656492233
0 0.2684895694255829 0.6064814925193787 0.015104166232049465 0.0555555559694767
0 0.24921874701976776 0.6157407164573669 0.01406249962747097 0.05370370298624039
0 0.23046875 0.6078703999519348 0.01406249962747097 0.05648148059844971
0 0.20989583432674408 0.6162037253379822 0.015625 0.06018518656492233
0 0.19192709028720856 0.6152777671813965 0.015104166232049465 0.06018518656492233
0 0.1731770783662796 0.6120370626449585 0.01822916604578495 0.06666667014360428
0 0.15416666865348816 0.612500011920929 0.014583333395421505 0.06574074178934097
0 0.13489583134651184 0.6138888597488403 0.014583333395421505 0.05925925821065903
0 0.05390625074505806 0.7824074029922485 0.0338541679084301 0.05370370298624039
0 0.06484375149011612 0.8143518567085266 0.03281249850988388 0.05462963134050369
0 0.09036458283662796 0.8615740537643433 0.03072916716337204 0.05462963134050369
0 0.10260416567325592 0.8856481313705444 0.03437500074505806 0.05648148059844971
0 0.11406250298023224 0.9143518805503845 0.03125 0.05462963134050369
0 0.12968750298023224 0.9351851940155029 0.03125 0.05370370298624039
0 0.14479166269302368 0.9592592716217041 0.04270833358168602 0.06666667014360428
0 0.15677084028720856 0.9810185432434082 0.02916666679084301 0.03611111268401146
0 0.04583333432674408 0.7277777791023254 0.03750000149011612 0.029629629105329514
0 0.04713541641831398 0.6939814686775208 0.03593749925494194 0.028703704476356506
0 0.04895833507180214 0.6583333611488342 0.03958333283662796 0.025925925001502037
0 0.04791666567325592 0.625 0.03750000149011612 0.025925925001502037
0 0.04791666567325592 0.5578703880310059 0.0364583320915699 0.026851851493120193
0 0.04973958432674408 0.5240740776062012 0.03593749925494194 0.029629629105329514
0 0.04713541641831398 0.4879629611968994 0.03489583358168602 0.025925925001502037
0 0.04791666567325592 0.4546296298503876 0.03541666641831398 0.024074073880910873
0 0.05234374850988388 0.42222222685813904 0.0390625 0.029629629105329514
0 0.0533854179084301 0.38935184478759766 0.0390625 0.026851851493120193
0 0.05260416492819786 0.3541666567325592 0.0364583320915699 0.02500000037252903
0 0.05130208283662796 0.3166666626930237 0.03697916492819786 0.02777777798473835
0 0.1380208283662796 0.3629629611968994 0.015625 0.06111111119389534
0 0.15989583730697632 0.3592592477798462 0.015625 0.06666667014360428
0 0.17682291567325592 0.36759260296821594 0.01406249962747097 0.05740740895271301
0 0.19635416567325592 0.35740742087364197 0.01666666753590107 0.06296296417713165
0 0.21666666865348816 0.3560185134410858 0.01666666753590107 0.06759259104728699
0 0.23489584028720856 0.3592592477798462 0.015625 0.05925925821065903
0 0.25468748807907104 0.35972222685813904 0.014583333395421505 0.06203703582286835
0 0.2723958194255829 0.35972222685813904 0.014583333395421505 0.06388889253139496
0 0.2932291626930237 0.3638888895511627 0.014583333395421505 0.05925925821065903
0 0.31197917461395264 0.35972222685813904 0.01666666753590107 0.07500000298023224
0 0.3309895694255829 0.3671296238899231 0.01406249962747097 0.06203703582286835
0 0.36640626192092896 0.3680555522441864 0.01406249962747097 0.06388889253139496
0 0.38619792461395264 0.3680555522441864 0.015104166232049465 0.06018518656492233
0 0.40572917461395264 0.36666667461395264 0.01354166679084301 0.05925925821065903
0 0.42656248807907104 0.3787037134170532 0.015625 0.06666667014360428
0 0.4598958194255829 0.3708333373069763 0.014583333395421505 0.06203703582286835
0 0.4869791567325592 0.36250001192092896 0.02916666679084301 0.08055555820465088
0 0.4989583194255829 0.3689814805984497 0.01354166679084301 0.05648148059844971
0 0.5174478888511658 0.36666667461395264 0.013020833022892475 0.05925925821065903
0 0.53515625 0.3671296238899231 0.013020833022892475 0.06203703582286835
0 0.5557291507720947 0.364814817905426 0.014583333395421505 0.05925925821065903
0 0.573437511920929 0.3611111044883728 0.01354166679084301 0.05740740895271301
0 0.608593761920929 0.3601851761341095 0.01614583283662796 0.06481481343507767
0 0.6291666626930237 0.35555556416511536 0.014583333395421505 0.06111111119389534
0 0.6499999761581421 0.35972222685813904 0.01666666753590107 0.06759259104728699
0 0.6695312261581421 0.3643518388271332 0.015104166232049465 0.06388889253139496
0 0.6880208253860474 0.36064815521240234 0.01354166679084301 0.06203703582286835
0 0.7065104246139526 0.35879629850387573 0.01406249962747097 0.06018518656492233
0 0.723437488079071 0.3592592477798462 0.01354166679084301 0.05740740895271301
0 0.7419270873069763 0.3662036955356598 0.015104166232049465 0.06388889253139496
0 0.760937511920929 0.36944442987442017 0.014583333395421505 0.0555555559694767
0 0.780468761920929 0.3671296238899231 0.01406249962747097 0.05833333358168602
0 0.7992187738418579 0.3643518388271332 0.015104166232049465 0.06203703582286835
0 0.13854166865348816 0.4342592656612396 0.01875000074505806 0.06296296417713165
0 0.15989583730697632 0.4342592656612396 0.014583333395421505 0.05740740895271301
0 0.1770833283662796 0.4393518567085266 0.014583333395421505 0.06018518656492233
0 0.19583334028720856 0.43888887763023376 0.01666666753590107 0.06666667014360428
0 0.21510416269302368 0.4356481432914734 0.01666666753590107 0.06388889253139496
0 0.23489584028720856 0.43194442987442017 0.015625 0.05833333358168602
0 0.25182291865348816 0.43518519401550293 0.015104166232049465 0.06111111119389534
0 0.2723958194255829 0.432407408952713 0.015625 0.06481481343507767
0 0.2916666567325592 0.4342592656612396 0.014583333395421505 0.06296296417713165
0 0.31067708134651184 0.4393518567085266 0.015104166232049465 0.06018518656492233
0 0.3294270932674408 0.4365740716457367 0.013020833022892475 0.05648148059844971
0 0.34947916865348816 0.4402777850627899 0.014583333395421505 0.06203703582286835
0 0.3695312440395355 0.4625000059604645 0.015104166232049465 0.06018518656492233
0 0.3856770694255829 0.43888887763023376 0.01406249962747097 0.05925925821065903
0 0.40625 0.4416666626930237 0.01354166679084301 0.0555555559694767
0 0.42500001192092896 0.45277777314186096 0.014583333395421505 0.05925925821065903
0 0.44322916865348816 0.4407407343387604 0.012500000186264515 0.05925925821065903
0 0.4619791805744171 0.4407407343387604 0.01354166679084301 0.0555555559694767
0 0.47968751192092896 0.43703705072402954 0.012500000186264515 0.051851850003004074
0 0.49921876192092896 0.44212964177131653 0.01406249962747097 0.05833333358168602
0 0.5182291865348816 0.43518519401550293 0.01354166679084301 0.05370370298624039
0 0.5364583134651184 0.43796294927597046 0.01354166679084301 0.05740740895271301
0 0.5552083253860474 0.4384259283542633 0.014583333395421505 0.06203703582286835
0 0.5731770992279053 0.4337962865829468 0.013020833022892475 0.06018518656492233
0 0.5914062261581421 0.4444444477558136 0.01406249962747097 0.05925925821065903
0 0.6096354126930237 0.4356481432914734 0.01406249962747097 0.06018518656492233
0 0.6294270753860474 0.4337962865829468 0.01406249962747097 0.05833333358168602
0 0.6489583253860474 0.43703705072402954 0.014583333395421505 0.05370370298624039
0 0.6700521111488342 0.4365740716457367 0.015104166232049465 0.06388889253139496
0 0.688281238079071 0.42824074625968933 0.015104166232049465 0.05833333358168602
0 0.7065104246139526 0.4342592656612396 0.015104166232049465 0.06851851940155029
0 0.7247396111488342 0.42824074625968933 0.01406249962747097 0.05648148059844971
0 0.7445312738418579 0.4402777850627899 0.01614583283662796 0.06203703582286835
0 0.762499988079071 0.4435185194015503 0.014583333395421505 0.05925925821065903
0 0.7802083492279053 0.4314814805984497 0.014583333395421505 0.05740740895271301
0 0.7986978888511658 0.4435185194015503 0.01718750037252903 0.06481481343507767
0 0.07604166865348816 0.8388888835906982 0.02604166604578495 0.04444444552063942
