0 0.04713541641831398 0.24351851642131805 0.02968749962747097 0.04814814776182175
0 0.0846354141831398 0.24583333730697632 0.02968749962747097 0.049074072390794754
0 0.17473958432674408 0.26620370149612427 0.02968749962747097 0.043518517166376114
0 0.23229166865348816 0.2708333432674408 0.02812499925494194 0.04537037014961243
0 0.26614582538604736 0.28148147463798523 0.02395833283662796 0.04259259253740311
0 0.28723958134651184 0.28009259700775146 0.02552083320915699 0.04722222313284874
0 0.2473958283662796 0.3152777850627899 0.03958333283662796 0.034259259700775146
0 0.31979167461395264 0.3708333373069763 0.02500000037252903 0.04537037014961243
0 0.30286458134651184 0.4625000059604645 0.02760416641831398 0.06018518656492233
0 0.2502604126930237 0.5138888955116272 0.04531250149011612 0.035185184329748154
0 0.05859375 0.5763888955116272 0.04010416567325592 0.0694444477558136
0 0.10104166716337204 0.581944465637207 0.03229166567325592 0.06759259104728699
0 0.12421874701976776 0.5888888835906982 0.03802083432674408 0.08148147910833359
0 0.16822916269302368 0.5981481671333313 0.03229166567325592 0.07037036865949631
0 0.19322916865348816 0.6013888716697693 0.03437500074505806 0.06759259104728699
0 0.21822915971279144 0.6037036776542664 0.03437500074505806 0.06851851940155029
0 0.04843749850988388 0.6587963104248047 0.0416666679084301 0.07129629701375961
0 0.07213541865348816 0.6592592597007751 0.03697916492819786 0.06666667014360428
0 0.09843750298023224 0.6652777791023254 0.0364583320915699 0.06388889253139496
0 0.12421874701976776 0.6694444417953491 0.03802083432674408 0.06481481343507767
0 0.16770833730697632 0.6814814805984497 0.0364583320915699 0.06851851940155029
0 0.19817708432674408 0.6787037253379822 0.03593749925494194 0.07962962985038757
0 0.01536458358168602 0.6314814686775208 0.03072916716337204 0.07037036865949631
0 0.01145833358168602 0.8384259343147278 0.02291666716337204 0.08796296268701553
0 0.03072916716337204 0.8374999761581421 0.0520833320915699 0.09907407313585281
0 0.06015624850988388 0.8462963104248047 0.03802083432674408 0.08148147910833359
0 0.08515624701976776 0.8560185432434082 0.03593749925494194 0.07129629701375961
0 0.11145833134651184 0.8652777671813965 0.03958333283662796 0.07685185223817825
0 0.14557291567325592 0.8657407164573669 0.04010416567325592 0.08888889104127884
0 0.2109375 0.8990740776062012 0.03333333507180214 0.08518518507480621
0 0.2513020932674408 0.8958333134651184 0.03281249850988388 0.09537036716938019
0 0.30000001192092896 0.9013888835906982 0.02916666679084301 0.08425925672054291
0 0.3450520932674408 0.8870370388031006 0.02864583395421505 0.09259258955717087
0 0.38619792461395264 0.895370364189148 0.02239583246409893 0.06851851940155029
0 0.5231770873069763 0.8782407641410828 0.02239583246409893 0.08425925672054291
0 0.5950520634651184 0.8666666746139526 0.03281249850988388 0.08888889104127884
0 0.6385416388511658 0.8541666865348816 0.03541666641831398 0.08981481194496155
0 0.6898437738418579 0.855555534362793 0.03177083283662796 0.05740740895271301
0 0.73046875 0.8388888835906982 0.04218750074505806 0.07037036865949631
0 0.3515625 0.7712963223457336 0.04791666567325592 0.03888889029622078
0 0.3986979126930237 0.7124999761581421 0.02239583246409893 0.06759259104728699
0 0.3682291805744171 0.6879629492759705 0.02291666716337204 0.06666667014360428
0 0.34322917461395264 0.6847222447395325 0.02395833283662796 0.07870370149612427
0 0.3148437440395355 0.6777777671813965 0.02552083320915699 0.07592592388391495
0 0.3843750059604645 0.5495370626449585 0.03854166716337204 0.034259259700775146
0 0.34453123807907104 0.6064814925193787 0.0234375 0.07037036865949631
0 0.3713541626930237 0.6069444417953491 0.02291666716337204 0.06759259104728699
0 0.40182292461395264 0.6074073910713196 0.02135416679084301 0.06296296417713165
0 0.453125 0.6717592477798462 0.02083333395421505 0.06574074178934097
0 0.4791666567325592 0.667129635810852 0.02083333395421505 0.05833333358168602
0 0.5080729126930237 0.6666666865348816 0.0234375 0.06481481343507767
0 0.47578126192092896 0.5986111164093018 0.02447916753590107 0.05648148059844971
0 0.453125 0.605555534362793 0.01979166641831398 0.05925925821065903
0 0.5044270753860474 0.5967592597007751 0.01822916604578495 0.06574074178934097
0 0.5562499761581421 0.6629629731178284 0.01666666753590107 0.0555555559694767
0 0.5838541388511658 0.6550925970077515 0.02604166604578495 0.06388889253139496
0 0.610156238079071 0.6537036895751953 0.02447916753590107 0.06851851940155029
0 0.6330729126930237 0.6495370268821716 0.02760416641831398 0.0694444477558136
0 0.6596354246139526 0.6504629850387573 0.02864583395421505 0.06759259104728699
0 0.6859375238418579 0.6435185074806213 0.03229166567325592 0.07222222536802292
0 0.7143229246139526 0.6379629373550415 0.03072916716337204 0.07592592388391495
0 0.7403646111488342 0.635185182094574 0.03593749925494194 0.06481481343507767
0 0.76171875 0.6282407641410828 0.02968749962747097 0.05462963134050369
0 0.7864583134651184 0.6175925731658936 0.02916666679084301 0.06111111119389534
0 0.8138020634651184 0.6175925731658936 0.03177083283662796 0.07592592388391495
0 0.8505208492279053 0.6106481552124023 0.05312500149011612 0.07314814627170563
0 0.8643229007720947 0.614814817905426 0.02968749962747097 0.07037036865949631
0 0.8919270634651184 0.6069444417953491 0.02864583395421505 0.06759259104728699
0 0.546875 0.5884259343147278 0.02500000037252903 0.06759259104728699
0 0.5739583373069763 0.5893518328666687 0.02291666716337204 0.06574074178934097
0 0.6005208492279053 0.5847222208976746 0.02291666716337204 0.06018518656492233
0 0.6236979365348816 0.5759259462356567 0.02552083320915699 0.06851851940155029
0 0.6499999761581421 0.5773147940635681 0.02604166604578495 0.06759259104728699
0 0.6716145873069763 0.5703703761100769 0.02447916753590107 0.05370370298624039
0 0.6947916746139526 0.5634258985519409 0.03125 0.06388889253139496
0 0.7200520634651184 0.5592592358589172 0.02447916753590107 0.05740740895271301
0 0.7427083253860474 0.5537037253379822 0.03020833246409893 0.07222222536802292
0 0.7942708134651184 0.5472221970558167 0.02708333358168602 0.06111111119389534
0 0.8177083134651184 0.5439814925193787 0.03020833246409893 0.06388889253139496
0 0.8440104126930237 0.5467592477798462 0.03177083283662796 0.0694444477558136
0 0.8648437261581421 0.5416666865348816 0.02864583395421505 0.06111111119389534
0 0.8919270634651184 0.5282407402992249 0.0338541679084301 0.05648148059844971
0 0.7906249761581421 0.7546296119689941 0.05416666716337204 0.04814814776182175
0 0.8531249761581421 0.8199074268341064 0.046875 0.08425925672054291
0 0.8901041746139526 0.8148148059844971 0.04270833358168602 0.08148147910833359
0 0.9359375238418579 0.8060185313224792 0.04479166492819786 0.08425925672054291
0 0.9742187261581421 0.7972221970558167 0.04322916641831398 0.0833333358168602
0 0.5317708253860474 0.44907405972480774 0.02083333395421505 0.05370370298624039
0 0.5570312738418579 0.4486111104488373 0.02031249925494194 0.05277777835726738
0 0.578906238079071 0.4407407343387604 0.02135416679084301 0.05925925821065903
0 0.6005208492279053 0.4412037134170532 0.02187499962747097 0.05277777835726738
0 0.6244791746139526 0.4384259283542633 0.02395833283662796 0.05833333358168602
0 0.6473958492279053 0.4347222149372101 0.02395833283662796 0.05833333358168602
0 0.6666666865348816 0.42824074625968933 0.02500000037252903 0.04537037014961243
0 0.6888020634651184 0.4245370328426361 0.02656250074505806 0.05277777835726738
0 0.7122395634651184 0.41620370745658875 0.02656250074505806 0.05092592537403107
0 0.7317708134651184 0.41296297311782837 0.02395833283662796 0.04444444552063942
0 0.7760416865348816 0.4138889014720917 0.02812499925494194 0.05000000074505806
0 0.7979166507720947 0.4069444537162781 0.02916666679084301 0.06203703582286835
0 0.8197916746139526 0.39814814925193787 0.03125 0.06111111119389534
0 0.8414062261581421 0.3986110985279083 0.02239583246409893 0.049074072390794754
0 0.49270832538604736 0.46388888359069824 0.01979166641831398 0.051851850003004074
0 0.4684895873069763 0.4583333432674408 0.02031249925494194 0.05925925821065903
0 0.4455729126930237 0.46157407760620117 0.02031249925494194 0.05648148059844971
0 0.41979166865348816 0.48564815521240234 0.01770833320915699 0.06388889253139496
0 0.4166666567325592 0.3898148238658905 0.01666666753590107 0.0555555559694767
0 0.3958333432674408 0.2796296179294586 0.02083333395421505 0.046296294778585434
0 0.4361979067325592 0.28518518805503845 0.01822916604578495 0.046296294778585434
0 0.5458333492279053 0.32083332538604736 0.03541666641831398 0.034259259700775146
0 0.5997396111488342 0.512499988079071 0.04218750074505806 0.03611111268401146
0 0.5296875238418579 0.5287036895751953 0.0364583320915699 0.035185184329748154
0 0.6697916388511658 0.4967592656612396 0.0416666679084301 0.03611111268401146
0 0.5434895753860474 0.375 0.02552083320915699 0.05925925821065903
0 0.5770833492279053 0.3731481432914734 0.02083333395421505 0.046296294778585434
0 0.5934895873069763 0.37361112236976624 0.01718750037252903 0.04722222313284874
0 0.6098958253860474 0.36851853132247925 0.01770833320915699 0.046296294778585434
0 0.6479166746139526 0.3652777671813965 0.015625 0.04537037014961243
0 0.6932291388511658 0.35555556416511536 0.02291666716337204 0.04444444552063942
0 0.71875 0.30416667461395264 0.0364583320915699 0.032407406717538834
0 0.7348958253860474 0.35046297311782837 0.02395833283662796 0.04537037014961243
0 0.7768229246139526 0.3412036895751953 0.02760416641831398 0.049074072390794754
0 0.8203125 0.3324074149131775 0.03020833246409893 0.04814814776182175
0 0.8528645634651184 0.2541666626930237 0.03802083432674408 0.043518517166376114
0 0.8999999761581421 0.32175925374031067 0.03541666641831398 0.05462963134050369
0 0.926562488079071 0.3888888955116272 0.03020833246409893 0.051851850003004074
0 0.9486979246139526 0.38055557012557983 0.03072916716337204 0.051851850003004074
0 0.9255208373069763 0.2976851761341095 0.02812499925494194 0.028703704476356506
0 0.9786458611488342 0.3055555522441864 0.02708333358168602 0.04259259253740311
0 0.936718761920929 0.2083333283662796 0.0338541679084301 0.04259259253740311
0 0.9744791388511658 0.19907407462596893 0.03125 0.03888889029622078
0 0.8583333492279053 0.2171296328306198 0.02812499925494194 0.049074072390794754
0 0.879687488079071 0.21481481194496155 0.02500000037252903 0.04444444552063942
0 0.823437511920929 0.19398148357868195 0.02604166604578495 0.05277777835726738
0 0.7872396111488342 0.22962963581085205 0.02552083320915699 0.046296294778585434
0 0.7666666507720947 0.23148147761821747 0.02395833283662796 0.05000000074505806
0 0.745312511920929 0.23888888955116272 0.02291666716337204 0.046296294778585434
0 0.725781261920929 0.24027778208255768 0.02552083320915699 0.05462963134050369
0 0.6898437738418579 0.24722221493721008 0.02552083320915699 0.05740740895271301
0 0.6130208373069763 0.25833332538604736 0.01770833320915699 0.03333333507180214
0 0.5947916507720947 0.2606481611728668 0.01979166641831398 0.049074072390794754
0 0.44609373807907104 0.2152777761220932 0.03802083432674408 0.037962961941957474
0 0.3502604067325592 0.18796296417713165 0.04010416567325592 0.031481482088565826
0 0.4713541567325592 0.13425925374031067 0.014583333395421505 0.046296294778585434
0 0.4348958432674408 0.14074073731899261 0.01666666753590107 0.04444444552063942
0 0.49401041865348816 0.06620370596647263 0.013020833022892475 0.034259259700775146
0 0.5122395753860474 0.05601852014660835 0.01614583283662796 0.04722222313284874
0 0.7033854126930237 0.10370370000600815 0.02447916753590107 0.04259259253740311
0 0.8651041388511658 0.08101851493120193 0.02604166604578495 0.032407406717538834
0 0.8343750238418579 0.015740741044282913 0.02812499925494194 0.031481482088565826
0 0.7229166626930237 0.021759258583188057 0.02604166604578495 0.043518517166376114
0 0.8036458492279053 0.08518518507480621 0.02916666679084301 0.046296294778585434
0 0.15078124403953552 0.05324074253439903 0.0234375 0.028703704476356506
0 0.22942708432674408 0.05740740895271301 0.0234375 0.03333333507180214
0 0.30260416865348816 0.06527777761220932 0.02187499962747097 0.034259259700775146
0 0.33255207538604736 0.06527777761220932 0.02031249925494194 0.032407406717538834
0 0.36276042461395264 0.07037036865949631 0.0234375 0.03703703731298447
0 0.24609375 0.12361110746860504 0.02239583246409893 0.037962961941957474
0 0.2984375059604645 0.13055555522441864 0.01770833320915699 0.035185184329748154
0 0.12031249701976776 0.1050925925374031 0.02812499925494194 0.03981481492519379
0 0.18984374403953552 0.4337962865829468 0.02447916753590107 0.05648148059844971
0 0.15546874701976776 0.38842591643333435 0.02968749962747097 0.07685185223817825
0 0.12708333134651184 0.4055555462837219 0.03229166567325592 0.13703703880310059
0 0.012500000186264515 0.3592592477798462 0.02500000037252903 0.06481481343507767
0 0.17760416865348816 0.8611111044883728 0.0520833320915699 0.11851851642131805
0 0.7072916626930237 0.706944465637207 0.0729166641831398 0.06759259104728699
0 0.9770833253860474 0.5134259462356567 0.04479166492819786 0.0824074074625969
0 0.5549479126930237 0.2699074149131775 0.02031249925494194 0.04722222313284874
0 0.514843761920929 0.2750000059604645 0.02031249925494194 0.05000000074505806
0 0.524218738079071 0.37962964177131653 0.02031249925494194 0.05925925821065903
0 0.3960937559604645 0.4564814865589142 0.02031249925494194 0.09259258955717087
0 0.3851562440395355 0.10277777910232544 0.0234375 0.05370370298624039
0 0.3265624940395355 0.29212963581085205 0.05520833283662796 0.06203703582286835
0 0.42656248807907104 0.6819444298744202 0.02604166604578495 0.08796296268701553
