0 0.01328125037252903 0.14444445073604584 0.01822916604578495 0.0555555559694767
0 0.03307291492819786 0.14166666567325592 0.015104166232049465 0.05000000074505806
0 0.05833333358168602 0.14537036418914795 0.01666666753590107 0.05370370298624039
0 0.08046875149011612 0.1388888955116272 0.015104166232049465 0.05000000074505806
0 0.10442708432674408 0.14444445073604584 0.015104166232049465 0.051851850003004074
0 0.12552084028720856 0.14120370149612427 0.015625 0.05277777835726738
0 0.17135415971279144 0.14629629254341125 0.01354166679084301 0.051851850003004074
0 0.19583334028720856 0.14629629254341125 0.014583333395421505 0.05000000074505806
0 0.24062499403953552 0.14814814925193787 0.01354166679084301 0.04814814776182175
0 0.2606770694255829 0.1476851850748062 0.01406249962747097 0.049074072390794754
0 0.2835937440395355 0.14305555820465088 0.013020833022892475 0.05462963134050369
0 0.30651041865348816 0.1467592567205429 0.01406249962747097 0.05092592537403107
0 0.3270833194255829 0.14259259402751923 0.014583333395421505 0.05925925821065903
0 0.3499999940395355 0.1476851850748062 0.01354166679084301 0.05277777835726738
0 0.3723958432674408 0.14814814925193787 0.01354166679084301 0.05370370298624039
0 0.41796875 0.14537036418914795 0.013020833022892475 0.05000000074505806
0 0.4440104067325592 0.14166666567325592 0.013020833022892475 0.05740740895271301
0 0.011197916232049465 0.2004629671573639 0.01614583283662796 0.049074072390794754
0 0.03046875074505806 0.19907407462596893 0.015104166232049465 0.04444444552063942
0 0.06562499701976776 0.19953703880310059 0.014583333395421505 0.04722222313284874
0 0.08437500149011612 0.2013888955116272 0.014583333395421505 0.049074072390794754
0 0.10390625149011612 0.20277777314186096 0.015104166232049465 0.051851850003004074
0 0.12447916716337204 0.2013888955116272 0.015625 0.05092592537403107
0 0.1614583283662796 0.20092593133449554 0.014583333395421505 0.05370370298624039
0 0.18125000596046448 0.20324073731899261 0.015625 0.05092592537403107
0 0.20026041567325592 0.20324073731899261 0.015104166232049465 0.049074072390794754
0 0.21901041269302368 0.20648148655891418 0.01406249962747097 0.05000000074505806
0 0.2369791716337204 0.20370370149612427 0.014583333395421505 0.051851850003004074
0 0.25703126192092896 0.20324073731899261 0.01406249962747097 0.049074072390794754
0 0.2770833373069763 0.20324073731899261 0.014583333395421505 0.049074072390794754
0 0.2942708432674408 0.20509259402751923 0.014583333395421505 0.05092592537403107
0 0.3111979067325592 0.2023148089647293 0.013020833022892475 0.04722222313284874
0 0.33125001192092896 0.20324073731899261 0.01354166679084301 0.05648148059844971
0 0.39010417461395264 0.2023148089647293 0.01354166679084301 0.04722222313284874
0 0.4065104126930237 0.20509259402751923 0.01197916641831398 0.04722222313284874
0 0.42526042461395264 0.20787036418914795 0.01406249962747097 0.05648148059844971
0 0.4442708194255829 0.20324073731899261 0.012500000186264515 0.05462963134050369
0 0.46276041865348816 0.19768518209457397 0.01406249962747097 0.05833333358168602
0 0.012500000186264515 0.3236111104488373 0.014583333395421505 0.043518517166376114
0 0.02968749962747097 0.3263888955116272 0.01666666753590107 0.04722222313284874
0 0.05807291716337204 0.3254629671573639 0.01406249962747097 0.049074072390794754
0 0.07421875 0.3263888955116272 0.01614583283662796 0.05092592537403107
0 0.10390625149011612 0.32685184478759766 0.01406249962747097 0.04814814776182175
0 0.11953125149011612 0.3245370388031006 0.013020833022892475 0.04537037014961243
0 0.13515624403953552 0.3254629671573639 0.01406249962747097 0.043518517166376114
0 0.1510416716337204 0.3296296298503876 0.012500000186264515 0.04444444552063942
0 0.16562500596046448 0.33009257912635803 0.01354166679084301 0.04722222313284874
0 0.18151041865348816 0.3305555582046509 0.01406249962747097 0.04814814776182175
0 0.19687500596046448 0.3333333432674408 0.01354166679084301 0.04259259253740311
0 0.22552083432674408 0.3314814865589142 0.012500000186264515 0.046296294778585434
0 0.24062499403953552 0.3254629671573639 0.012500000186264515 0.04722222313284874
0 0.25572916865348816 0.3291666805744171 0.01354166679084301 0.04537037014961243
0 0.2705729305744171 0.3273148238658905 0.013020833022892475 0.04722222313284874
0 0.2861979305744171 0.33101850748062134 0.01197916641831398 0.043518517166376114
0 0.30078125 0.32685184478759766 0.013020833022892475 0.05000000074505806
0 0.31692707538604736 0.3263888955116272 0.013020833022892475 0.04722222313284874
0 0.3317708373069763 0.3263888955116272 0.014583333395421505 0.05092592537403107
0 0.3617187440395355 0.3245370388031006 0.01406249962747097 0.05462963134050369
0 0.3919270932674408 0.3273148238658905 0.013020833022892475 0.049074072390794754
0 0.4065104126930237 0.32870370149612427 0.01197916641831398 0.046296294778585434
0 0.421875 0.3305555582046509 0.012500000186264515 0.051851850003004074
0 0.43567708134651184 0.32870370149612427 0.01197916641831398 0.051851850003004074
0 0.4518229067325592 0.32870370149612427 0.013020833022892475 0.05000000074505806
0 0.04401041567325592 0.3787037134170532 0.015104166232049465 0.040740739554166794
0 0.06015624850988388 0.380092591047287 0.01406249962747097 0.05092592537403107
0 0.07500000298023224 0.38333332538604736 0.014583333395421505 0.051851850003004074
0 0.09010417014360428 0.3847222328186035 0.014583333395421505 0.04537037014961243
0 0.10572917014360428 0.38425925374031067 0.015625 0.04259259253740311
0 0.13645833730697632 0.3828703761100769 0.01666666753590107 0.05277777835726738
0 0.18203124403953552 0.3861111104488373 0.01406249962747097 0.05000000074505806
0 0.22578124701976776 0.3828703761100769 0.013020833022892475 0.04722222313284874
0 0.2408854216337204 0.3819444477558136 0.013020833022892475 0.04722222313284874
0 0.25572916865348816 0.38148146867752075 0.012500000186264515 0.046296294778585434
0 0.2705729305744171 0.3856481611728668 0.01406249962747097 0.05092592537403107
0 0.28697916865348816 0.38333332538604736 0.01354166679084301 0.05370370298624039
0 0.3023437559604645 0.3787037134170532 0.013020833022892475 0.04814814776182175
0 0.33151042461395264 0.38148146867752075 0.013020833022892475 0.05000000074505806
0 0.34583333134651184 0.3819444477558136 0.01354166679084301 0.05092592537403107
0 0.36145833134651184 0.3828703761100769 0.014583333395421505 0.04722222313284874
0 0.3760416805744171 0.380092591047287 0.012500000186264515 0.049074072390794754
0 0.3916666805744171 0.3787037134170532 0.014583333395421505 0.051851850003004074
0 0.4216145873069763 0.3791666626930237 0.01197916641831398 0.049074072390794754
0 0.4364583194255829 0.3837963044643402 0.01354166679084301 0.05648148059844971
0 0.4518229067325592 0.380092591047287 0.01197916641831398 0.04722222313284874
0 0.46796876192092896 0.38055557012557983 0.013020833022892475 0.051851850003004074
0 0.013020833022892475 0.4532407522201538 0.02604166604578495 0.026851851493120193
0 0.02682291716337204 0.5023148059844971 0.015104166232049465 0.04722222313284874
0 0.04374999925494194 0.5004629492759705 0.01354166679084301 0.04537037014961243
0 0.05885416641831398 0.5050926208496094 0.01354166679084301 0.049074072390794754
0 0.07500000298023224 0.5050926208496094 0.014583333395421505 0.04537037014961243
0 0.0911458358168602 0.5023148059844971 0.015625 0.049074072390794754
0 0.12083332985639572 0.5037037134170532 0.014583333395421505 0.04814814776182175
0 0.13776041567325592 0.5046296119689941 0.015104166232049465 0.04259259253740311
0 0.1666666716337204 0.5041666626930237 0.014583333395421505 0.05092592537403107
0 0.19453124701976776 0.5060185194015503 0.01406249962747097 0.05462963134050369
0 0.21067708730697632 0.5060185194015503 0.015104166232049465 0.05462963134050369
0 0.2549479305744171 0.5074074268341064 0.013020833022892475 0.05000000074505806
0 0.2710937559604645 0.5060185194015503 0.013020833022892475 0.04722222313284874
0 0.3010416626930237 0.510185182094574 0.012500000186264515 0.04814814776182175
0 0.3161458373069763 0.5064814686775208 0.012500000186264515 0.04259259253740311
0 0.3466145694255829 0.5027777552604675 0.01406249962747097 0.051851850003004074
0 0.3606770932674408 0.5087962746620178 0.01197916641831398 0.0416666679084301
0 0.3765625059604645 0.5074074268341064 0.012500000186264515 0.04814814776182175
0 0.3919270932674408 0.5060185194015503 0.01197916641831398 0.03981481492519379
0 0.4065104126930237 0.5060185194015503 0.01197916641831398 0.043518517166376114
0 0.42135417461395264 0.5032407641410828 0.012500000186264515 0.043518517166376114
0 0.4364583194255829 0.5060185194015503 0.01354166679084301 0.049074072390794754
0 0.4580729305744171 0.5050926208496094 0.02552083320915699 0.04722222313284874
0 0.4684895873069763 0.5055555701255798 0.01197916641831398 0.040740739554166794
0 0.02630208246409893 0.5606481432914734 0.01614583283662796 0.05092592537403107
0 0.0611979179084301 0.5592592358589172 0.015104166232049465 0.04814814776182175
0 0.10729166865348816 0.5611110925674438 0.015625 0.05000000074505806
0 0.13671875 0.5597222447395325 0.01614583283662796 0.049074072390794754
0 0.15260416269302368 0.5615741014480591 0.014583333395421505 0.049074072390794754
0 0.16692708432674408 0.5592592358589172 0.013020833022892475 0.04814814776182175
0 0.18281249701976776 0.5620370507240295 0.015625 0.05000000074505806
0 0.21197916567325592 0.5648148059844971 0.014583333395421505 0.05370370298624039
0 0.24140624701976776 0.5611110925674438 0.01197916641831398 0.046296294778585434
0 0.25572916865348816 0.5611110925674438 0.01354166679084301 0.04444444552063942
0 0.2710937559604645 0.5671296119689941 0.013020833022892475 0.04722222313284874
0 0.30130207538604736 0.5666666626930237 0.013020833022892475 0.04814814776182175
0 0.3161458373069763 0.5592592358589172 0.01354166679084301 0.04814814776182175
0 0.33151042461395264 0.5592592358589172 0.013020833022892475 0.046296294778585434
0 0.34713542461395264 0.5597222447395325 0.01406249962747097 0.05092592537403107
0 0.3622395694255829 0.5615741014480591 0.01406249962747097 0.049074072390794754
0 0.37708333134651184 0.5638889074325562 0.01354166679084301 0.05000000074505806
0 0.4046874940395355 0.5648148059844971 0.012500000186264515 0.046296294778585434
0 0.43671876192092896 0.5675926208496094 0.013020833022892475 0.051851850003004074
0 0.4518229067325592 0.5587962865829468 0.013020833022892475 0.049074072390794754
0 0.09088541567325592 0.7092592716217041 0.01406249962747097 0.046296294778585434
0 0.10598958283662796 0.710185170173645 0.01718750037252903 0.04814814776182175
0 0.13645833730697632 0.75 0.01354166679084301 0.04259259253740311
0 0.16614583134651184 0.762499988079071 0.01354166679084301 0.049074072390794754
0 0.18125000596046448 0.7638888955116272 0.01666666753590107 0.05370370298624039
0 0.19739583134651184 0.706944465637207 0.015625 0.05277777835726738
0 0.2265625 0.7064814567565918 0.01354166679084301 0.05370370298624039
0 0.2408854216337204 0.7111111283302307 0.01406249962747097 0.046296294778585434
0 0.2562499940395355 0.7064814567565918 0.01354166679084301 0.05370370298624039
0 0.2710937559604645 0.7097222208976746 0.01406249962747097 0.05092592537403107
0 0.28567707538604736 0.7097222208976746 0.01406249962747097 0.05092592537403107
0 0.2705729305744171 0.760185182094574 0.013020833022892475 0.04814814776182175
0 0.3020833432674408 0.7638888955116272 0.01354166679084301 0.051851850003004074
0 0.31692707538604736 0.7634259462356567 0.01406249962747097 0.049074072390794754
0 0.3174479305744171 0.7060185074806213 0.01406249962747097 0.05277777835726738
0 0.3450520932674408 0.7060185074806213 0.01406249962747097 0.05277777835726738
0 0.36119791865348816 0.710185170173645 0.01406249962747097 0.0555555559694767
0 0.37682291865348816 0.7087963223457336 0.01197916641831398 0.04722222313284874
0 0.37708333134651184 0.7662037014961243 0.01354166679084301 0.05092592537403107
0 0.4059895873069763 0.7111111283302307 0.01197916641831398 0.04814814776182175
0 0.40625 0.7634259462356567 0.012500000186264515 0.05462963134050369
0 0.42109376192092896 0.7111111283302307 0.01197916641831398 0.04444444552063942
0 0.4359374940395355 0.7638888955116272 0.01354166679084301 0.05000000074505806
0 0.43567708134651184 0.706944465637207 0.013020833022892475 0.05277777835726738
0 0.4507812559604645 0.7041666507720947 0.013020833022892475 0.04722222313284874
0 0.12083332985639572 0.8879629373550415 0.015625 0.05370370298624039
0 0.16640624403953552 0.8865740895271301 0.015104166232049465 0.05092592537403107
0 0.22734375298023224 0.8893518447875977 0.01406249962747097 0.049074072390794754
0 0.27161458134651184 0.8898147940635681 0.01406249962747097 0.0555555559694767
0 0.28697916865348816 0.9439814686775208 0.01354166679084301 0.05092592537403107
0 0.30130207538604736 0.894444465637207 0.013020833022892475 0.046296294778585434
0 0.31562501192092896 0.8912037014961243 0.01354166679084301 0.05462963134050369
0 0.3309895694255829 0.8912037014961243 0.01406249962747097 0.05462963134050369
0 0.37552082538604736 0.885185182094574 0.01354166679084301 0.04814814776182175
0 0.3903645873069763 0.9430555701255798 0.013020833022892475 0.049074072390794754
0 0.40546876192092896 0.9435185194015503 0.01406249962747097 0.051851850003004074
0 0.43541666865348816 0.9435185194015503 0.012500000186264515 0.04814814776182175
0 0.46692708134651184 0.8898147940635681 0.013020833022892475 0.046296294778585434
0 0.08880208432674408 0.9430555701255798 0.015104166232049465 0.05092592537403107
0 0.32760417461395264 0.01944444514811039 0.01354166679084301 0.03888889029622078
0 0.3489583432674408 0.023148147389292717 0.01354166679084301 0.046296294778585434
0 0.3697916567325592 0.022685185074806213 0.014583333395421505 0.04537037014961243
0 0.5643228888511658 0.023148147389292717 0.013020833022892475 0.046296294778585434
0 0.5846354365348816 0.02222222276031971 0.013020833022892475 0.04444444552063942
0 0.6067708134651184 0.02083333395421505 0.01354166679084301 0.0416666679084301
0 0.6309896111488342 0.020370369777083397 0.013020833022892475 0.040740739554166794
0 0.6541666388511658 0.02222222276031971 0.01354166679084301 0.04444444552063942
0 0.6786458492279053 0.021759258583188057 0.014583333395421505 0.043518517166376114
0 0.7026041746139526 0.02083333395421505 0.01354166679084301 0.0416666679084301
0 0.729687511920929 0.018981480970978737 0.01666666753590107 0.037962961941957474
0 0.8023437261581421 0.017592592164874077 0.01406249962747097 0.035185184329748154
0 0.8520833253860474 0.01805555634200573 0.015625 0.03611111268401146
0 0.9244791865348816 0.017592592164874077 0.01875000074505806 0.035185184329748154
0 0.7718750238418579 0.07962962985038757 0.02916666679084301 0.03333333507180214
0 0.5611979365348816 0.19490741193294525 0.01197916641831398 0.05092592537403107
0 0.5802083611488342 0.19953703880310059 0.012500000186264515 0.049074072390794754
0 0.5986979007720947 0.19768518209457397 0.013020833022892475 0.05462963134050369
0 0.6190103888511658 0.2004629671573639 0.01406249962747097 0.05462963134050369
0 0.6596354246139526 0.19490741193294525 0.01197916641831398 0.049074072390794754
0 0.6776041388511658 0.19305555522441864 0.01145833358168602 0.0416666679084301
0 0.7169271111488342 0.19583334028720856 0.015104166232049465 0.05462963134050369
0 0.7359374761581421 0.19907407462596893 0.014583333395421505 0.0555555559694767
0 0.7557291388511658 0.19212962687015533 0.01354166679084301 0.05277777835726738
0 0.7747395634651184 0.19490741193294525 0.01406249962747097 0.05277777835726738
0 0.7940104007720947 0.19212962687015533 0.01406249962747097 0.05648148059844971
0 0.8138020634651184 0.19212962687015533 0.01406249962747097 0.05277777835726738
0 0.8338541388511658 0.19398148357868195 0.014583333395421505 0.05092592537403107
0 0.8544270992279053 0.19490741193294525 0.015104166232049465 0.05092592537403107
0 0.8697916865348816 0.19027778506278992 0.014583333395421505 0.043518517166376114
0 0.8861979246139526 0.1935185194015503 0.015104166232049465 0.05370370298624039
0 0.8335937261581421 0.25231480598449707 0.02968749962747097 0.02500000037252903
0 0.5598958134651184 0.3222222328186035 0.01354166679084301 0.05000000074505806
0 0.58984375 0.32592591643333435 0.013020833022892475 0.05740740895271301
0 0.6205729246139526 0.32685184478759766 0.01197916641831398 0.04814814776182175
0 0.63671875 0.32777777314186096 0.010937499813735485 0.035185184329748154
0 0.6656249761581421 0.32777777314186096 0.01354166679084301 0.046296294778585434
0 0.6809895634651184 0.32592591643333435 0.013020833022892475 0.04814814776182175
0 0.6979166865348816 0.32499998807907104 0.012500000186264515 0.05370370298624039
0 0.7119791507720947 0.3231481611728668 0.012500000186264515 0.04814814776182175
0 0.7281249761581421 0.32685184478759766 0.01354166679084301 0.051851850003004074
0 0.7588541507720947 0.3231481611728668 0.01354166679084301 0.04814814776182175
0 0.7739583253860474 0.3212963044643402 0.015625 0.05370370298624039
0 0.8062499761581421 0.32592591643333435 0.014583333395421505 0.05000000074505806
0 0.8221353888511658 0.31712964177131653 0.01406249962747097 0.05648148059844971
0 0.8377603888511658 0.322685182094574 0.015104166232049465 0.05648148059844971
0 0.8726562261581421 0.3212963044643402 0.01406249962747097 0.051851850003004074
0 0.5583333373069763 0.38055557012557983 0.01354166679084301 0.05000000074505806
0 0.5736979246139526 0.380092591047287 0.01197916641831398 0.04537037014961243
0 0.5885416865348816 0.380092591047287 0.01145833358168602 0.04537037014961243
0 0.6039062738418579 0.38425925374031067 0.01197916641831398 0.04444444552063942
0 0.6200520992279053 0.3819444477558136 0.01197916641831398 0.05462963134050369
0 0.6356770992279053 0.3810185194015503 0.01197916641831398 0.05092592537403107
0 0.6635416746139526 0.3828703761100769 0.01354166679084301 0.05092592537403107
0 0.6958333253860474 0.3819444477558136 0.01354166679084301 0.05277777835726738
0 0.710156261920929 0.37546294927597046 0.013020833022892475 0.043518517166376114
0 0.7283853888511658 0.37962964177131653 0.013020833022892475 0.046296294778585434
0 0.7432291507720947 0.3787037134170532 0.01354166679084301 0.04814814776182175
0 0.758593738079071 0.3768518567085266 0.01406249962747097 0.04444444552063942
0 0.7890625 0.37546294927597046 0.014583333395421505 0.05092592537403107
0 0.8218749761581421 0.3787037134170532 0.014583333395421505 0.05370370298624039
0 0.8364583253860474 0.37962964177131653 0.014583333395421505 0.04814814776182175
0 0.852343738079071 0.3810185194015503 0.015104166232049465 0.05648148059844971
0 0.870312511920929 0.3787037134170532 0.015625 0.05925925821065903
0 0.8929687738418579 0.4254629611968994 0.03072916716337204 0.03055555559694767
0 0.5166666507720947 0.5583333373069763 0.01354166679084301 0.0555555559694767
0 0.5880208611488342 0.6212962865829468 0.02395833283662796 0.04259259253740311
0 0.6942708492279053 0.6601851582527161 0.03020833246409893 0.024074073880910873
0 0.8255208134651184 0.6611111164093018 0.02708333358168602 0.02222222276031971
0 0.5580729246139526 0.5 0.01197916641831398 0.046296294778585434
0 0.57421875 0.5027777552604675 0.013020833022892475 0.05370370298624039
0 0.5893229246139526 0.5041666626930237 0.01197916641831398 0.043518517166376114
0 0.6041666865348816 0.5023148059844971 0.012500000186264515 0.049074072390794754
0 0.6195312738418579 0.5004629492759705 0.013020833022892475 0.049074072390794754
0 0.6494791507720947 0.5064814686775208 0.01354166679084301 0.046296294778585434
0 0.6656249761581421 0.5069444179534912 0.01354166679084301 0.05092592537403107
0 0.6812499761581421 0.5041666626930237 0.012500000186264515 0.05092592537403107
0 0.6963541507720947 0.5037037134170532 0.012500000186264515 0.046296294778585434
0 0.7114583253860474 0.5069444179534912 0.012500000186264515 0.043518517166376114
0 0.727343738079071 0.5037037134170532 0.01406249962747097 0.04814814776182175
0 0.7588541507720947 0.5041666626930237 0.015625 0.05462963134050369
0 0.7736979126930237 0.5013889074325562 0.013020833022892475 0.04537037014961243
0 0.7888020873069763 0.5041666626930237 0.013020833022892475 0.05277777835726738
0 0.805468738079071 0.5050926208496094 0.01197916641831398 0.04722222313284874
0 0.8213541507720947 0.5064814686775208 0.012500000186264515 0.04814814776182175
0 0.8364583253860474 0.5064814686775208 0.014583333395421505 0.04444444552063942
0 0.8539062738418579 0.5060185194015503 0.013020833022892475 0.049074072390794754
0 0.871874988079071 0.5060185194015503 0.01354166679084301 0.05277777835726738
0 0.8872395753860474 0.5064814686775208 0.015104166232049465 0.04814814776182175
0 0.5588541626930237 0.5569444298744202 0.012500000186264515 0.05092592537403107
0 0.5736979246139526 0.5578703880310059 0.01197916641831398 0.049074072390794754
0 0.6028645634651184 0.5587962865829468 0.01197916641831398 0.04537037014961243
0 0.6190103888511658 0.5629629492759705 0.013020833022892475 0.05000000074505806
0 0.6505208611488342 0.5625 0.01354166679084301 0.05092592537403107
0 0.6661458611488342 0.5611110925674438 0.012500000186264515 0.04814814776182175
0 0.680468738079071 0.5587962865829468 0.01406249962747097 0.05092592537403107
0 0.7098958492279053 0.5638889074325562 0.01354166679084301 0.04814814776182175
0 0.7270833253860474 0.5615741014480591 0.014583333395421505 0.05462963134050369
0 0.7411458492279053 0.5583333373069763 0.012500000186264515 0.05000000074505806
0 0.7572916746139526 0.5615741014480591 0.012500000186264515 0.05092592537403107
0 0.7734375 0.5620370507240295 0.01354166679084301 0.05000000074505806
0 0.789843738079071 0.5634258985519409 0.01406249962747097 0.05092592537403107
0 0.8057291507720947 0.5601851940155029 0.01354166679084301 0.05000000074505806
0 0.8208333253860474 0.5671296119689941 0.015625 0.05648148059844971
0 0.9846354126930237 0.5027777552604675 0.01614583283662796 0.051851850003004074
0 0.9552083611488342 0.592129647731781 0.02604166604578495 0.04722222313284874
0 0.5591145753860474 0.7111111283302307 0.013020833022892475 0.04814814776182175
0 0.57421875 0.7097222208976746 0.013020833022892475 0.05092592537403107
0 0.58984375 0.7152777910232544 0.01197916641831398 0.04722222313284874
0 0.604687511920929 0.7148148417472839 0.01145833358168602 0.04259259253740311
0 0.6195312738418579 0.7106481194496155 0.013020833022892475 0.049074072390794754
0 0.6356770992279053 0.710185170173645 0.013020833022892475 0.05000000074505806
0 0.649218738079071 0.7124999761581421 0.01197916641831398 0.043518517166376114
0 0.6661458611488342 0.7148148417472839 0.01354166679084301 0.046296294778585434
0 0.6820312738418579 0.7129629850387573 0.013020833022892475 0.046296294778585434
0 0.6976562738418579 0.7106481194496155 0.01406249962747097 0.049074072390794754
0 0.7268229126930237 0.7212963104248047 0.01406249962747097 0.051851850003004074
0 0.7437499761581421 0.7152777910232544 0.01354166679084301 0.04537037014961243
0 0.7593749761581421 0.7143518328666687 0.01354166679084301 0.04537037014961243
0 0.8059895634651184 0.710185170173645 0.015104166232049465 0.051851850003004074
0 0.8223958611488342 0.7129629850387573 0.014583333395421505 0.05370370298624039
0 0.574999988079071 0.7634259462356567 0.01354166679084301 0.05092592537403107
0 0.6039062738418579 0.7652778029441833 0.01406249962747097 0.05092592537403107
0 0.6364583373069763 0.7657407522201538 0.01145833358168602 0.0555555559694767
0 0.6651041507720947 0.7736111283302307 0.014583333395421505 0.05092592537403107
0 0.7908853888511658 0.7712963223457336 0.01406249962747097 0.05740740895271301
0 0.8846353888511658 0.7787036895751953 0.013020833022892475 0.04814814776182175
0 0.9164062738418579 0.7777777910232544 0.01614583283662796 0.05370370298624039
0 0.5885416865348816 0.8884259462356567 0.014583333395421505 0.05277777835726738
0 0.6052083373069763 0.8902778029441833 0.01354166679084301 0.05648148059844971
0 0.6341145634651184 0.8902778029441833 0.01406249962747097 0.05277777835726738
0 0.6955729126930237 0.8935185074806213 0.013020833022892475 0.04814814776182175
0 0.7281249761581421 0.8962963223457336 0.01354166679084301 0.05370370298624039
0 0.7749999761581421 0.897685170173645 0.014583333395421505 0.05092592537403107
0 0.5596354007720947 0.9361110925674438 0.015104166232049465 0.07407407462596893
0 0.6510416865348816 0.9472222328186035 0.014583333395421505 0.0555555559694767
0 0.680468738079071 0.9486111402511597 0.015104166232049465 0.05277777835726738
0 0.711718738079071 0.9495370388031006 0.01406249962747097 0.05277777835726738
0 0.7593749761581421 0.9523147940635681 0.014583333395421505 0.05462963134050369
0 0.7924479246139526 0.9504629373550415 0.013020833022892475 0.04537037014961243
0 0.8231770992279053 0.9620370268821716 0.01406249962747097 0.04814814776182175
0 0.9510416388511658 0.9032407402992249 0.01666666753590107 0.05648148059844971
0 0.9838541746139526 0.904629647731781 0.01770833320915699 0.0555555559694767
0 0.04505208507180214 0.08518518507480621 0.02864583395421505 0.025925925001502037
0 0.05442708358168602 0.022685185074806213 0.01614583283662796 0.04537037014961243
0 0.989062488079071 0.38055557012557983 0.015625 0.051851850003004074
0 0.04869791492819786 0.2023148089647293 0.015104166232049465 0.04722222313284874
