0 0.5690104365348816 0.02222222276031971 0.01197916641831398 0.04444444552063942
0 0.58984375 0.021759258583188057 0.01197916641831398 0.043518517166376114
0 0.6122395992279053 0.019907407462596893 0.013020833022892475 0.03981481492519379
0 0.63671875 0.020370369777083397 0.01406249962747097 0.040740739554166794
0 0.6846354007720947 0.021296296268701553 0.015104166232049465 0.04259259253740311
0 0.7346354126930237 0.01944444514811039 0.01614583283662796 0.03888889029622078
0 0.80859375 0.018518518656492233 0.01406249962747097 0.03703703731298447
0 0.8583333492279053 0.018981480970978737 0.014583333395421505 0.037962961941957474
0 0.9315103888511658 0.01805555634200573 0.01927083358168602 0.03611111268401146
0 0.9458333253860474 0.050462961196899414 0.03020833246409893 0.03611111268401146
0 0.7856770753860474 0.09398148208856583 0.03593749925494194 0.032407406717538834
0 0.01718750037252903 0.13564814627170563 0.01770833320915699 0.05277777835726738
0 0.03750000149011612 0.13472221791744232 0.01666666753590107 0.05092592537403107
0 0.06223958358168602 0.13703703880310059 0.01614583283662796 0.05370370298624039
0 0.0846354141831398 0.1310185194015503 0.01614583283662796 0.05092592537403107
0 0.12968750298023224 0.13518518209457397 0.015625 0.051851850003004074
0 0.15338541567325592 0.13935184478759766 0.01406249962747097 0.05092592537403107
0 0.17682291567325592 0.1398148089647293 0.01718750037252903 0.051851850003004074
0 0.19921875 0.13935184478759766 0.015104166232049465 0.05092592537403107
0 0.21927084028720856 0.12546296417713165 0.01354166679084301 0.05462963134050369
0 0.24427083134651184 0.14305555820465088 0.01354166679084301 0.04722222313284874
0 0.26484376192092896 0.14212962985038757 0.01406249962747097 0.05092592537403107
0 0.28697916865348816 0.13842593133449554 0.01354166679084301 0.05462963134050369
0 0.3101562559604645 0.14212962985038757 0.013020833022892475 0.04722222313284874
0 0.3307291567325592 0.13750000298023224 0.014583333395421505 0.05833333358168602
0 0.3539062440395355 0.14351852238178253 0.015104166232049465 0.051851850003004074
0 0.37552082538604736 0.14398148655891418 0.012500000186264515 0.05462963134050369
0 0.4221354126930237 0.14166666567325592 0.013020833022892475 0.05000000074505806
0 0.4481770694255829 0.13842593133449554 0.01406249962747097 0.05833333358168602
0 0.01536458358168602 0.19166666269302368 0.01614583283662796 0.05000000074505806
0 0.0338541679084301 0.19027778506278992 0.015625 0.04537037014961243
0 0.05286458507180214 0.1953703761100769 0.015104166232049465 0.046296294778585434
0 0.06953124701976776 0.19212962687015533 0.015104166232049465 0.049074072390794754
0 0.08776041865348816 0.19398148357868195 0.01406249962747097 0.05092592537403107
0 0.10755208134651184 0.19490741193294525 0.015104166232049465 0.05277777835726738
0 0.1276041716337204 0.1944444477558136 0.015625 0.051851850003004074
0 0.14505209028720856 0.1953703761100769 0.015104166232049465 0.05000000074505806
0 0.1653645783662796 0.19398148357868195 0.015104166232049465 0.05092592537403107
0 0.18437500298023224 0.19722221791744232 0.014583333395421505 0.04814814776182175
0 0.20364584028720856 0.19675925374031067 0.01354166679084301 0.04722222313284874
0 0.22265625 0.2004629671573639 0.013020833022892475 0.05092592537403107
0 0.24062499403953552 0.19861111044883728 0.014583333395421505 0.05092592537403107
0 0.26093751192092896 0.19768518209457397 0.014583333395421505 0.049074072390794754
0 0.28072917461395264 0.19814814627170563 0.014583333395421505 0.04814814776182175
0 0.2979166805744171 0.2004629671573639 0.01354166679084301 0.049074072390794754
0 0.31458333134651184 0.19722221791744232 0.01354166679084301 0.04814814776182175
0 0.3346354067325592 0.19814814627170563 0.01406249962747097 0.0555555559694767
0 0.3932291567325592 0.19814814627170563 0.012500000186264515 0.046296294778585434
0 0.4104166626930237 0.20185184478759766 0.01145833358168602 0.04814814776182175
0 0.42890626192092896 0.20462962985038757 0.013020833022892475 0.0555555559694767
0 0.4481770694255829 0.20092593133449554 0.01406249962747097 0.0555555559694767
0 0.46666666865348816 0.19490741193294525 0.01354166679084301 0.05648148059844971
0 0.5653645992279053 0.1953703761100769 0.013020833022892475 0.051851850003004074
0 0.5848958492279053 0.19768518209457397 0.01354166679084301 0.049074072390794754
0 0.6026041507720947 0.19722221791744232 0.01354166679084301 0.05370370298624039
0 0.6231771111488342 0.19907407462596893 0.015104166232049465 0.05370370298624039
0 0.6434895992279053 0.19490741193294525 0.01406249962747097 0.05092592537403107
0 0.6640625 0.19583334028720856 0.012500000186264515 0.049074072390794754
0 0.6822916865348816 0.1935185194015503 0.012500000186264515 0.04444444552063942
0 0.7020833492279053 0.18379630148410797 0.01354166679084301 0.05277777835726738
0 0.7213541865348816 0.19675925374031067 0.014583333395421505 0.05462963134050369
0 0.7411458492279053 0.19953703880310059 0.014583333395421505 0.05462963134050369
0 0.7606770992279053 0.19398148357868195 0.01406249962747097 0.05277777835726738
0 0.7796875238418579 0.19583334028720856 0.014583333395421505 0.05277777835726738
0 0.7994791865348816 0.1935185194015503 0.014583333395421505 0.05740740895271301
0 0.819531261920929 0.1944444477558136 0.01406249962747097 0.051851850003004074
0 0.83984375 0.19583334028720856 0.015104166232049465 0.05092592537403107
0 0.860156238079071 0.19768518209457397 0.01406249962747097 0.049074072390794754
0 0.8752604126930237 0.19212962687015533 0.01406249962747097 0.043518517166376114
0 0.8924478888511658 0.19629628956317902 0.01614583283662796 0.051851850003004074
0 0.01614583283662796 0.3157407343387604 0.015625 0.046296294778585434
0 0.03307291492819786 0.3185185194015503 0.01614583283662796 0.04814814776182175
0 0.06145833432674408 0.31805557012557983 0.01354166679084301 0.05092592537403107
0 0.07734374701976776 0.31898146867752075 0.01614583283662796 0.05092592537403107
0 0.10703124850988388 0.31990739703178406 0.01406249962747097 0.049074072390794754
0 0.12265624850988388 0.317592591047287 0.013020833022892475 0.046296294778585434
0 0.13828125596046448 0.31898146867752075 0.01406249962747097 0.043518517166376114
0 0.16848959028720856 0.3231481611728668 0.013020833022892475 0.04814814776182175
0 0.18437500298023224 0.32499998807907104 0.014583333395421505 0.05000000074505806
0 0.20000000298023224 0.32685184478759766 0.01354166679084301 0.040740739554166794
0 0.22838541865348816 0.3254629671573639 0.013020833022892475 0.04537037014961243
0 0.24375000596046448 0.32175925374031067 0.01354166679084301 0.049074072390794754
0 0.25859373807907104 0.32407405972480774 0.013020833022892475 0.04444444552063942
0 0.2736979126930237 0.3222222328186035 0.013020833022892475 0.046296294778585434
0 0.2890625 0.32685184478759766 0.01145833358168602 0.040740739554166794
0 0.30390626192092896 0.3231481611728668 0.013020833022892475 0.05000000074505806
0 0.31953126192092896 0.3222222328186035 0.013020833022892475 0.046296294778585434
0 0.33411458134651184 0.3222222328186035 0.01406249962747097 0.051851850003004074
0 0.3645833432674408 0.32083332538604736 0.01354166679084301 0.05277777835726738
0 0.39505207538604736 0.3254629671573639 0.013020833022892475 0.049074072390794754
0 0.4098958373069763 0.32592591643333435 0.012500000186264515 0.046296294778585434
0 0.42500001192092896 0.3273148238658905 0.012500000186264515 0.05277777835726738
0 0.4385416805744171 0.3273148238658905 0.012500000186264515 0.05277777835726738
0 0.4554687440395355 0.32685184478759766 0.01406249962747097 0.05000000074505806
0 0.04765624925494194 0.3717592656612396 0.015104166232049465 0.0416666679084301
0 0.06328125298023224 0.3722222149372101 0.01406249962747097 0.05000000074505806
0 0.07760416716337204 0.3759259283542633 0.015625 0.051851850003004074
0 0.09270833432674408 0.3768518567085266 0.014583333395421505 0.04444444552063942
0 0.10859374701976776 0.3768518567085266 0.015104166232049465 0.04259259253740311
0 0.1393229216337204 0.3768518567085266 0.01718750037252903 0.05370370298624039
0 0.18463541567325592 0.38055557012557983 0.01406249962747097 0.05000000074505806
0 0.21432290971279144 0.3791666626930237 0.013020833022892475 0.05462963134050369
0 0.22864583134651184 0.3777777850627899 0.01354166679084301 0.046296294778585434
0 0.2434895783662796 0.3777777850627899 0.013020833022892475 0.046296294778585434
0 0.25859373807907104 0.3777777850627899 0.013020833022892475 0.046296294778585434
0 0.2731770873069763 0.38148146867752075 0.01406249962747097 0.04814814776182175
0 0.28958332538604736 0.3787037134170532 0.01354166679084301 0.05370370298624039
0 0.3049479126930237 0.3740740716457367 0.01406249962747097 0.04814814776182175
0 0.33411458134651184 0.37731480598449707 0.013020833022892475 0.05092592537403107
0 0.3486979305744171 0.3777777850627899 0.01406249962747097 0.051851850003004074
0 0.3643229305744171 0.37962964177131653 0.013020833022892475 0.046296294778585434
0 0.37890625 0.37731480598449707 0.013020833022892475 0.049074072390794754
0 0.39505207538604736 0.3759259283542633 0.01406249962747097 0.05000000074505806
0 0.4247395694255829 0.3777777850627899 0.01197916641831398 0.046296294778585434
0 0.4390625059604645 0.38148146867752075 0.01354166679084301 0.05740740895271301
0 0.4546875059604645 0.3777777850627899 0.012500000186264515 0.046296294778585434
0 0.4713541567325592 0.3787037134170532 0.01354166679084301 0.051851850003004074
0 0.5635416507720947 0.32175925374031067 0.01354166679084301 0.05277777835726738
0 0.5932291746139526 0.32499998807907104 0.01354166679084301 0.05740740895271301
0 0.6239583492279053 0.3263888955116272 0.012500000186264515 0.049074072390794754
0 0.6401041746139526 0.32777777314186096 0.01145833358168602 0.035185184329748154
0 0.6695312261581421 0.32870370149612427 0.013020833022892475 0.046296294778585434
0 0.6851562261581421 0.32685184478759766 0.013020833022892475 0.05000000074505806
0 0.7018229365348816 0.32592591643333435 0.013020833022892475 0.05370370298624039
0 0.7158854007720947 0.3254629671573639 0.013020833022892475 0.05092592537403107
0 0.7320312261581421 0.3282407522201538 0.01406249962747097 0.05092592537403107
0 0.7632812261581421 0.3254629671573639 0.01406249962747097 0.049074072390794754
0 0.7786458134651184 0.3222222328186035 0.014583333395421505 0.05370370298624039
0 0.8106771111488342 0.32777777314186096 0.01406249962747097 0.05000000074505806
0 0.8270833492279053 0.322685182094574 0.01354166679084301 0.06018518656492233
0 0.842968761920929 0.32499998807907104 0.01406249962747097 0.05370370298624039
0 0.8778645992279053 0.3231481611728668 0.015104166232049465 0.05370370298624039
0 0.561718761920929 0.3791666626930237 0.013020833022892475 0.049074072390794754
0 0.5770833492279053 0.3791666626930237 0.01354166679084301 0.04537037014961243
0 0.5919271111488342 0.3782407343387604 0.01197916641831398 0.04722222313284874
0 0.6072916388511658 0.3837963044643402 0.012500000186264515 0.04722222313284874
0 0.6234375238418579 0.38240739703178406 0.012500000186264515 0.0555555559694767
0 0.6393229365348816 0.3810185194015503 0.01197916641831398 0.05092592537403107
0 0.6677083373069763 0.3837963044643402 0.01354166679084301 0.049074072390794754
0 0.699999988079071 0.38333332538604736 0.01354166679084301 0.051851850003004074
0 0.7143229246139526 0.3768518567085266 0.013020833022892475 0.04259259253740311
0 0.7325521111488342 0.38148146867752075 0.013020833022892475 0.04814814776182175
0 0.7473958134651184 0.3810185194015503 0.01354166679084301 0.04722222313284874
0 0.7627604007720947 0.3791666626930237 0.01406249962747097 0.04537037014961243
0 0.7934895753860474 0.3782407343387604 0.01406249962747097 0.05092592537403107
0 0.8098958134651184 0.38333332538604736 0.014583333395421505 0.04814814776182175
0 0.8270833492279053 0.38240739703178406 0.01354166679084301 0.05370370298624039
0 0.8416666388511658 0.38240739703178406 0.01354166679084301 0.051851850003004074
0 0.8575521111488342 0.385185182094574 0.015104166232049465 0.05740740895271301
0 0.875781238079071 0.3819444477558136 0.01614583283662796 0.06018518656492233
0 0.02968749962747097 0.49444442987442017 0.015625 0.04814814776182175
0 0.04609375074505806 0.4921296238899231 0.015104166232049465 0.04537037014961243
0 0.06171875074505806 0.4972222149372101 0.015104166232049465 0.05000000074505806
0 0.07760416716337204 0.4981481432914734 0.014583333395421505 0.04444444552063942
0 0.09375 0.4958333373069763 0.015625 0.049074072390794754
0 0.12343750149011612 0.49768519401550293 0.014583333395421505 0.04722222313284874
0 0.13984374701976776 0.49768519401550293 0.01406249962747097 0.0416666679084301
0 0.16953125596046448 0.49861112236976624 0.01406249962747097 0.05092592537403107
0 0.1966145783662796 0.5004629492759705 0.013020833022892475 0.05277777835726738
0 0.21302083134651184 0.5004629492759705 0.014583333395421505 0.05462963134050369
0 0.2575520873069763 0.5027777552604675 0.01406249962747097 0.04814814776182175
0 0.2734375 0.5013889074325562 0.01354166679084301 0.04722222313284874
0 0.3031249940395355 0.5055555701255798 0.01354166679084301 0.04444444552063942
0 0.31822916865348816 0.5023148059844971 0.012500000186264515 0.043518517166376114
0 0.3489583432674408 0.49953705072402954 0.01354166679084301 0.05092592537403107
0 0.3630208373069763 0.5060185194015503 0.012500000186264515 0.0416666679084301
0 0.37890625 0.5050926208496094 0.013020833022892475 0.04722222313284874
0 0.3942708373069763 0.5032407641410828 0.01145833358168602 0.03981481492519379
0 0.4088541567325592 0.5037037134170532 0.01145833358168602 0.04259259253740311
0 0.4231770932674408 0.5013889074325562 0.01197916641831398 0.043518517166376114
0 0.4385416805744171 0.5041666626930237 0.012500000186264515 0.049074072390794754
0 0.4541666805744171 0.5037037134170532 0.012500000186264515 0.04814814776182175
0 0.4703125059604645 0.5027777552604675 0.01145833358168602 0.040740739554166794
0 0.5023437738418579 0.4782407283782959 0.01614583283662796 0.05092592537403107
0 0.06354166567325592 0.5513888597488403 0.015625 0.04722222313284874
0 0.10989583283662796 0.5541666746139526 0.014583333395421505 0.049074072390794754
0 0.13880208134651184 0.5532407164573669 0.015104166232049465 0.05092592537403107
0 0.1536458283662796 0.5546296238899231 0.01354166679084301 0.04814814776182175
0 0.1692708283662796 0.5532407164573669 0.014583333395421505 0.05277777835726738
0 0.18463541567325592 0.5560185313224792 0.015104166232049465 0.049074072390794754
0 0.21432290971279144 0.5601851940155029 0.01406249962747097 0.051851850003004074
0 0.24296875298023224 0.5564814805984497 0.013020833022892475 0.046296294778585434
0 0.2578125 0.5560185313224792 0.014583333395421505 0.04537037014961243
0 0.2731770873069763 0.5625 0.01406249962747097 0.04722222313284874
0 0.30390626192092896 0.5629629492759705 0.01406249962747097 0.04814814776182175
0 0.31822916865348816 0.5564814805984497 0.014583333395421505 0.04814814776182175
0 0.3489583432674408 0.5560185313224792 0.01354166679084301 0.05092592537403107
0 0.3643229305744171 0.5583333373069763 0.013020833022892475 0.04814814776182175
0 0.3791666626930237 0.5615741014480591 0.01354166679084301 0.05092592537403107
0 0.40703123807907104 0.5615741014480591 0.013020833022892475 0.04722222313284874
0 0.4385416805744171 0.5657407641410828 0.01354166679084301 0.051851850003004074
0 0.45364582538604736 0.5569444298744202 0.012500000186264515 0.04722222313284874
0 0.5609375238418579 0.5 0.01145833358168602 0.04814814776182175
0 0.5765625238418579 0.5027777552604675 0.012500000186264515 0.05370370298624039
0 0.5919271111488342 0.5046296119689941 0.01197916641831398 0.04444444552063942
0 0.6070312261581421 0.5027777552604675 0.01197916641831398 0.05000000074505806
0 0.621874988079071 0.5013889074325562 0.012500000186264515 0.049074072390794754
0 0.637499988079071 0.5087962746620178 0.01145833358168602 0.043518517166376114
0 0.6520833373069763 0.5074074268341064 0.012500000186264515 0.046296294778585434
0 0.668749988079071 0.5064814686775208 0.012500000186264515 0.04814814776182175
0 0.6841145753860474 0.5055555701255798 0.013020833022892475 0.051851850003004074
0 0.699999988079071 0.5046296119689941 0.01354166679084301 0.05000000074505806
0 0.71484375 0.5087962746620178 0.01197916641831398 0.04537037014961243
0 0.7307291626930237 0.5064814686775208 0.01354166679084301 0.04814814776182175
0 0.7622395753860474 0.5069444179534912 0.01614583283662796 0.05648148059844971
0 0.77734375 0.5060185194015503 0.013020833022892475 0.04722222313284874
0 0.7927083373069763 0.5074074268341064 0.01354166679084301 0.05370370298624039
0 0.815625011920929 0.5087962746620178 0.02812499925494194 0.049074072390794754
0 0.83203125 0.5106481313705444 0.02760416641831398 0.049074072390794754
0 0.8403645753860474 0.5097222328186035 0.015104166232049465 0.04537037014961243
0 0.8578125238418579 0.510185182094574 0.014583333395421505 0.05000000074505806
0 0.8768228888511658 0.5097222328186035 0.015104166232049465 0.05277777835726738
0 0.8916666507720947 0.5115740895271301 0.014583333395421505 0.04722222313284874
0 0.5611979365348816 0.5578703880310059 0.013020833022892475 0.05092592537403107
0 0.5757812261581421 0.5578703880310059 0.010937499813735485 0.04722222313284874
0 0.5908854007720947 0.5564814805984497 0.013020833022892475 0.04814814776182175
0 0.6059895753860474 0.5597222447395325 0.01197916641831398 0.04537037014961243
0 0.6213541626930237 0.5638889074325562 0.01354166679084301 0.05000000074505806
0 0.6536458134651184 0.5638889074325562 0.01354166679084301 0.05000000074505806
0 0.6692708134651184 0.5629629492759705 0.012500000186264515 0.04814814776182175
0 0.6833333373069763 0.5606481432914734 0.01354166679084301 0.05277777835726738
0 0.7127603888511658 0.5657407641410828 0.01406249962747097 0.04814814776182175
0 0.7299479246139526 0.5638889074325562 0.015104166232049465 0.05370370298624039
0 0.7447916865348816 0.5611110925674438 0.012500000186264515 0.05000000074505806
0 0.7606770992279053 0.5643518567085266 0.01406249962747097 0.05092592537403107
0 0.7768229246139526 0.5652777552604675 0.01406249962747097 0.05092592537403107
0 0.79296875 0.5662037134170532 0.01406249962747097 0.05092592537403107
0 0.8091145753860474 0.5634258985519409 0.01406249962747097 0.04722222313284874
0 0.824999988079071 0.5708333253860474 0.014583333395421505 0.05648148059844971
0 0.6653645634651184 0.6199073791503906 0.02864583395421505 0.02500000037252903
0 0.5315104126930237 0.6458333134651184 0.03072916716337204 0.034259259700775146
0 0.7479166388511658 0.6643518805503845 0.03020833246409893 0.023148147389292717
0 0.8760416507720947 0.6662036776542664 0.03229166567325592 0.02500000037252903
0 0.00598958320915699 0.6699073910713196 0.01197916641831398 0.043518517166376114
0 0.09218750149011612 0.7018518447875977 0.014583333395421505 0.04814814776182175
0 0.10729166865348816 0.7037037014961243 0.01666666753590107 0.04814814776182175
0 0.15208333730697632 0.7009259462356567 0.014583333395421505 0.040740739554166794
0 0.13750000298023224 0.7449073791503906 0.01354166679084301 0.0416666679084301
0 0.16744790971279144 0.7569444179534912 0.01406249962747097 0.049074072390794754
0 0.18307290971279144 0.7592592835426331 0.01614583283662796 0.051851850003004074
0 0.19921875 0.7018518447875977 0.01614583283662796 0.05370370298624039
0 0.22812500596046448 0.7032407522201538 0.01354166679084301 0.05462963134050369
0 0.24244791269302368 0.7064814567565918 0.01406249962747097 0.046296294778585434
0 0.2575520873069763 0.7032407522201538 0.013020833022892475 0.05277777835726738
0 0.27265626192092896 0.7050926089286804 0.01406249962747097 0.05092592537403107
0 0.2874999940395355 0.7064814567565918 0.01354166679084301 0.051851850003004074
0 0.2718749940395355 0.7555555701255798 0.012500000186264515 0.046296294778585434
0 0.30286458134651184 0.7611111402511597 0.013020833022892475 0.051851850003004074
0 0.3177083432674408 0.7606481313705444 0.01354166679084301 0.049074072390794754
0 0.31848958134651184 0.7032407522201538 0.01406249962747097 0.05277777835726738
0 0.3466145694255829 0.7027778029441833 0.013020833022892475 0.051851850003004074
0 0.36250001192092896 0.7087963223457336 0.01354166679084301 0.05462963134050369
0 0.37838542461395264 0.7050926089286804 0.013020833022892475 0.04722222313284874
0 0.37812501192092896 0.7638888955116272 0.014583333395421505 0.051851850003004074
0 0.4072916805744171 0.7087963223457336 0.012500000186264515 0.05092592537403107
0 0.4221354126930237 0.7097222208976746 0.013020833022892475 0.04537037014961243
0 0.4375 0.7055555582046509 0.01354166679084301 0.051851850003004074
0 0.45234376192092896 0.7041666507720947 0.013020833022892475 0.049074072390794754
0 0.40703123807907104 0.7620370388031006 0.013020833022892475 0.05370370298624039
0 0.43697917461395264 0.7620370388031006 0.01354166679084301 0.04814814776182175
0 0.5604166388511658 0.7115740776062012 0.01354166679084301 0.049074072390794754
0 0.5760416388511658 0.710185170173645 0.01354166679084301 0.051851850003004074
0 0.5916666388511658 0.7162036895751953 0.012500000186264515 0.04722222313284874
0 0.6065104007720947 0.7157407402992249 0.013020833022892475 0.04444444552063942
0 0.6216145753860474 0.7115740776062012 0.013020833022892475 0.049074072390794754
0 0.6369791626930237 0.7124999761581421 0.01354166679084301 0.05092592537403107
0 0.6513020992279053 0.7148148417472839 0.01197916641831398 0.04259259253740311
0 0.6684895753860474 0.7175925970077515 0.01406249962747097 0.046296294778585434
0 0.6908854246139526 0.7157407402992249 0.02760416641831398 0.046296294778585434
0 0.6994791626930237 0.7148148417472839 0.014583333395421505 0.05000000074505806
0 0.7294270992279053 0.7240740656852722 0.015104166232049465 0.05370370298624039
0 0.74609375 0.7185184955596924 0.01406249962747097 0.046296294778585434
0 0.76171875 0.7180555462837219 0.01406249962747097 0.04722222313284874
0 0.8083333373069763 0.7152777910232544 0.015625 0.05277777835726738
0 0.824999988079071 0.7175925970077515 0.015625 0.05370370298624039
0 0.5765625238418579 0.7648147940635681 0.01354166679084301 0.051851850003004074
0 0.606249988079071 0.7680555582046509 0.014583333395421505 0.05277777835726738
0 0.6380208134651184 0.7689814567565918 0.01145833358168602 0.05648148059844971
0 0.667187511920929 0.7754629850387573 0.014583333395421505 0.05277777835726738
0 0.7604166865348816 0.772685170173645 0.015625 0.05462963134050369
0 0.7927083373069763 0.7759259343147278 0.014583333395421505 0.05740740895271301
0 0.12187500298023224 0.8814814686775208 0.015625 0.05370370298624039
0 0.16744790971279144 0.8814814686775208 0.015104166232049465 0.051851850003004074
0 0.22864583134651184 0.8842592835426331 0.014583333395421505 0.04814814776182175
0 0.2721354067325592 0.8856481313705444 0.01406249962747097 0.05462963134050369
0 0.3018229305744171 0.8912037014961243 0.013020833022892475 0.04537037014961243
0 0.31640625 0.8884259462356567 0.013020833022892475 0.05462963134050369
0 0.3317708373069763 0.8879629373550415 0.01354166679084301 0.05370370298624039
0 0.3763020932674408 0.8837962746620178 0.01406249962747097 0.049074072390794754
0 0.4677083194255829 0.8893518447875977 0.01354166679084301 0.04537037014961243
0 0.08958332985639572 0.9365741014480591 0.015625 0.05092592537403107
0 0.2874999940395355 0.9402777552604675 0.01354166679084301 0.05092592537403107
0 0.3908854126930237 0.9412037134170532 0.01406249962747097 0.049074072390794754
0 0.4059895873069763 0.9421296119689941 0.013020833022892475 0.05092592537403107
0 0.4361979067325592 0.9421296119689941 0.013020833022892475 0.049074072390794754
0 0.5895833373069763 0.8898147940635681 0.014583333395421505 0.05370370298624039
0 0.606249988079071 0.8921296000480652 0.01354166679084301 0.05648148059844971
0 0.6356770992279053 0.8925926089286804 0.01406249962747097 0.05370370298624039
0 0.6971353888511658 0.8967592716217041 0.01406249962747097 0.049074072390794754
0 0.7302083373069763 0.8999999761581421 0.01354166679084301 0.05370370298624039
0 0.7763020992279053 0.9018518328666687 0.015104166232049465 0.051851850003004074
0 0.9541666507720947 0.9101851582527161 0.01770833320915699 0.05740740895271301
0 0.9869791865348816 0.9129629731178284 0.01875000074505806 0.0555555559694767
0 0.5601562261581421 0.9375 0.015104166232049465 0.07500000298023224
0 0.6528645753860474 0.949999988079071 0.01406249962747097 0.0555555559694767
0 0.6815103888511658 0.9509259462356567 0.015104166232049465 0.051851850003004074
0 0.7130208611488342 0.9523147940635681 0.01354166679084301 0.05277777835726738
0 0.7601562738418579 0.9574074149131775 0.01406249962747097 0.05370370298624039
0 0.7945312261581421 0.9560185074806213 0.013020833022892475 0.049074072390794754
0 0.8247395753860474 0.9675925970077515 0.01406249962747097 0.04814814776182175
0 0.05885416641831398 0.018518518656492233 0.015625 0.03703703731298447
0 0.33151042461395264 0.01805555634200573 0.013020833022892475 0.03611111268401146
0 0.35364583134651184 0.02083333395421505 0.014583333395421505 0.0416666679084301
0 0.37447917461395264 0.02083333395421505 0.015625 0.0416666679084301
0 0.15390625596046448 0.3231481611728668 0.01406249962747097 0.046296294778585434
0 0.93359375 0.46388888359069824 0.01614583283662796 0.05000000074505806
0 0.992968738079071 0.3856481611728668 0.013020833022892475 0.05092592537403107
0 0.9885416626930237 0.5078703761100769 0.01666666753590107 0.05092592537403107
0 0.9497395753860474 0.5740740895271301 0.0234375 0.0555555559694767
0 0.011197916232049465 0.9726851582527161 0.02239583246409893 0.043518517166376114
0 0.887499988079071 0.7851851582527161 0.01354166679084301 0.046296294778585434
0 0.9192708134651184 0.7833333611488342 0.015625 0.05370370298624039
