0 0.04296875 0.2351851910352707 0.03072916716337204 0.04814814776182175
0 0.08046875149011612 0.23842592537403107 0.03072916716337204 0.049074072390794754
0 0.171875 0.25925925374031067 0.03020833246409893 0.04444444552063942
0 0.22864583134651184 0.26527777314186096 0.02812499925494194 0.04722222313284874
0 0.2627604305744171 0.2736110985279083 0.0234375 0.0416666679084301
0 0.28437501192092896 0.2736110985279083 0.02604166604578495 0.049074072390794754
0 0.34166666865348816 0.2907407283782959 0.02291666716337204 0.040740739554166794
0 0.37291666865348816 0.3333333432674408 0.0364583320915699 0.03333333507180214
0 0.41197916865348816 0.3722222149372101 0.02187499962747097 0.05925925821065903
0 0.1861979216337204 0.4263888895511627 0.02447916753590107 0.05648148059844971
0 0.15286459028720856 0.3810185194015503 0.02864583395421505 0.07870370149612427
0 0.010416666977107525 0.35092592239379883 0.02083333395421505 0.06481481343507767
0 0.05364583432674408 0.5689814686775208 0.03854166716337204 0.0694444477558136
0 0.09687499701976776 0.574999988079071 0.03437500074505806 0.07222222536802292
0 0.12031249701976776 0.5814814567565918 0.03854166716337204 0.08148147910833359
0 0.16484375298023224 0.592129647731781 0.0338541679084301 0.0694444477558136
0 0.18932291865348816 0.5958333611488342 0.03593749925494194 0.06759259104728699
0 0.21380208432674408 0.5972222089767456 0.0338541679084301 0.06851851940155029
0 0.2708333432674408 0.657870352268219 0.03333333507180214 0.08055555820465088
0 0.3111979067325592 0.6712962985038757 0.02656250074505806 0.07592592388391495
0 0.33984375 0.6791666746139526 0.02447916753590107 0.08055555820465088
0 0.36510416865348816 0.6814814805984497 0.02395833283662796 0.06851851940155029
0 0.1927083283662796 0.6726852059364319 0.03229166567325592 0.07500000298023224
0 0.16432291269302368 0.6745370626449585 0.03697916492819786 0.0694444477558136
0 0.12031249701976776 0.6638888716697693 0.03958333283662796 0.06481481343507767
0 0.09453125298023224 0.6587963104248047 0.03697916492819786 0.06388889253139496
0 0.0677083358168602 0.6532407402992249 0.03854166716337204 0.06759259104728699
0 0.04374999925494194 0.6513888835906982 0.0416666679084301 0.07129629701375961
0 0.012760416604578495 0.6236110925674438 0.02552083320915699 0.0694444477558136
0 0.3414062559604645 0.6013888716697693 0.02447916753590107 0.07129629701375961
0 0.3687500059604645 0.6013888716697693 0.02291666716337204 0.06759259104728699
0 0.39895832538604736 0.6032407283782959 0.02291666716337204 0.06574074178934097
0 0.38489583134651184 0.5273148417472839 0.03333333507180214 0.032407406717538834
0 0.4494791626930237 0.668055534362793 0.01979166641831398 0.06759259104728699
0 0.4765625 0.6620370149612427 0.02187499962747097 0.05740740895271301
0 0.5049479007720947 0.6606481671333313 0.0234375 0.06574074178934097
0 0.4216145873069763 0.6787037253379822 0.02239583246409893 0.07962962985038757
0 0.41744792461395264 0.45694443583488464 0.01822916604578495 0.06574074178934097
0 0.4427083432674408 0.4583333432674408 0.01979166641831398 0.05740740895271301
0 0.4661458432674408 0.4532407522201538 0.01875000074505806 0.05833333358168602
0 0.4906249940395355 0.4601851999759674 0.01979166641831398 0.05925925821065903
0 0.5283854007720947 0.44490739703178406 0.02031249925494194 0.05277777835726738
0 0.553906261920929 0.44490739703178406 0.02031249925494194 0.05277777835726738
0 0.5755208134651184 0.43703705072402954 0.01979166641831398 0.06296296417713165
0 0.5971354246139526 0.4375 0.02135416679084301 0.05462963134050369
0 0.6213541626930237 0.43518519401550293 0.02395833283662796 0.05740740895271301
0 0.6434895992279053 0.4305555522441864 0.02239583246409893 0.05740740895271301
0 0.6708333492279053 0.4254629611968994 0.03750000149011612 0.04722222313284874
0 0.6859375238418579 0.4208333194255829 0.02708333358168602 0.05277777835726738
0 0.7093750238418579 0.41296297311782837 0.02604166604578495 0.051851850003004074
0 0.7289062738418579 0.4106481373310089 0.0234375 0.043518517166376114
0 0.7729166746139526 0.41111111640930176 0.02812499925494194 0.05000000074505806
0 0.7942708134651184 0.4046296179294586 0.03020833246409893 0.06296296417713165
0 0.8177083134651184 0.39629629254341125 0.03125 0.06296296417713165
0 0.8460937738418579 0.4115740656852722 0.03072916716337204 0.05833333358168602
0 0.9223958253860474 0.38749998807907104 0.03125 0.05277777835726738
0 0.9450520873069763 0.37962964177131653 0.03072916716337204 0.05000000074505806
0 0.895312488079071 0.31990739703178406 0.03333333507180214 0.05833333358168602
0 0.9231770634651184 0.3106481432914734 0.03177083283662796 0.05833333358168602
0 0.975781261920929 0.3046296238899231 0.02447916753590107 0.040740739554166794
0 0.9325520992279053 0.20648148655891418 0.03177083283662796 0.04259259253740311
0 0.9713541865348816 0.19675925374031067 0.03125 0.03981481492519379
0 0.8544270992279053 0.2152777761220932 0.02760416641831398 0.049074072390794754
0 0.875781238079071 0.21250000596046448 0.02656250074505806 0.043518517166376114
0 0.8203125 0.33009257912635803 0.02395833283662796 0.04722222313284874
0 0.8002604246139526 0.3375000059604645 0.01822916604578495 0.04722222313284874
0 0.7708333134651184 0.3384259343147278 0.02187499962747097 0.04722222313284874
0 0.731249988079071 0.34583333134651184 0.02500000037252903 0.04537037014961243
0 0.6903645992279053 0.35185185074806213 0.0234375 0.04444444552063942
0 0.6460937261581421 0.3620370328426361 0.015104166232049465 0.046296294778585434
0 0.6070312261581421 0.3629629611968994 0.02031249925494194 0.051851850003004074
0 0.590624988079071 0.3740740716457367 0.015625 0.03703703731298447
0 0.5721353888511658 0.3680555522441864 0.0234375 0.049074072390794754
0 0.5416666865348816 0.3708333373069763 0.02291666716337204 0.05648148059844971
0 0.5216146111488342 0.375 0.02135416679084301 0.05925925821065903
0 0.5127604007720947 0.27129629254341125 0.01927083358168602 0.051851850003004074
0 0.5526041388511658 0.2629629671573639 0.02083333395421505 0.04814814776182175
0 0.5921875238418579 0.25740739703178406 0.01979166641831398 0.04814814776182175
0 0.6096354126930237 0.25555557012557983 0.01822916604578495 0.03703703731298447
0 0.6479166746139526 0.25046294927597046 0.02187499962747097 0.0416666679084301
0 0.686718761920929 0.24351851642131805 0.02656250074505806 0.05740740895271301
0 0.7239583134651184 0.2370370328426361 0.02500000037252903 0.05370370298624039
0 0.7432291507720947 0.2351851910352707 0.02291666716337204 0.04814814776182175
0 0.7135416865348816 0.29398149251937866 0.03854166716337204 0.0416666679084301
0 0.3932291567325592 0.27453702688217163 0.02083333395421505 0.04722222313284874
0 0.43411457538604736 0.2796296179294586 0.01822916604578495 0.046296294778585434
0 0.3973958194255829 0.21064814925193787 0.03125 0.032407406717538834
0 0.5388020873069763 0.1805555522441864 0.01718750037252903 0.025925925001502037
0 0.9216145873069763 0.12129629403352737 0.03177083283662796 0.025925925001502037
0 0.8622395992279053 0.07824073731899261 0.02552083320915699 0.032407406717538834
0 0.7494791746139526 0.1458333283662796 0.03020833246409893 0.02500000037252903
0 0.8002604246139526 0.08194444328546524 0.02864583395421505 0.04722222313284874
0 0.7015625238418579 0.10000000149011612 0.02395833283662796 0.04259259253740311
0 0.7205728888511658 0.01944444514811039 0.02656250074505806 0.03888889029622078
0 0.8346354365348816 0.013888888992369175 0.03072916716337204 0.02777777798473835
0 0.3606770932674408 0.06481481343507767 0.0234375 0.03703703731298447
0 0.3296875059604645 0.05833333358168602 0.01979166641831398 0.035185184329748154
0 0.2994791567325592 0.05833333358168602 0.02083333395421505 0.035185184329748154
0 0.22708334028720856 0.04814814776182175 0.01979166641831398 0.031481482088565826
0 0.14791665971279144 0.04444444552063942 0.02187499962747097 0.02777777798473835
0 0.11744792014360428 0.0962962955236435 0.02656250074505806 0.03703703731298447
0 0.24270834028720856 0.11620370298624039 0.02291666716337204 0.037962961941957474
0 0.2916666567325592 0.125 0.02500000037252903 0.03703703731298447
0 0.43281251192092896 0.13472221791744232 0.015625 0.043518517166376114
0 0.4684895873069763 0.12824073433876038 0.015104166232049465 0.04537037014961243
0 0.5005208253860474 0.12222222238779068 0.01145833358168602 0.03888889029622078
0 0.4921875 0.06111111119389534 0.01354166679084301 0.035185184329748154
0 0.5104166865348816 0.05092592537403107 0.015625 0.04814814776182175
0 0.5427083373069763 0.5842592716217041 0.02291666716337204 0.06851851940155029
0 0.571093738079071 0.5837963223457336 0.0234375 0.06759259104728699
0 0.5973958373069763 0.5810185074806213 0.02187499962747097 0.06203703582286835
0 0.620312511920929 0.5712962746620178 0.02500000037252903 0.06851851940155029
0 0.6463541388511658 0.5731481313705444 0.02395833283662796 0.06481481343507767
0 0.6674479246139526 0.5662037134170532 0.02552083320915699 0.05462963134050369
0 0.69140625 0.5597222447395325 0.03177083283662796 0.06018518656492233
0 0.7169271111488342 0.5555555820465088 0.02447916753590107 0.0555555559694767
0 0.739062488079071 0.5509259104728699 0.03020833246409893 0.07037036865949631
0 0.7908853888511658 0.5444444417953491 0.02760416641831398 0.05925925821065903
0 0.8148437738418579 0.5416666865348816 0.02864583395421505 0.06296296417713165
0 0.83984375 0.5439814925193787 0.03072916716337204 0.06759259104728699
0 0.8619791865348816 0.5375000238418579 0.02916666679084301 0.05833333358168602
0 0.8877604007720947 0.5259259343147278 0.03281249850988388 0.05740740895271301
0 0.9085937738418579 0.5935184955596924 0.04010416567325592 0.07962962985038757
0 0.885937511920929 0.595370352268219 0.03125 0.0833333358168602
0 0.860156238079071 0.6097221970558167 0.02968749962747097 0.06759259104728699
0 0.8377603888511658 0.6074073910713196 0.02864583395421505 0.07407407462596893
0 0.8096354007720947 0.6129629611968994 0.03177083283662796 0.07592592388391495
0 0.7828124761581421 0.614814817905426 0.03020833246409893 0.06111111119389534
0 0.7575520873069763 0.6240741014480591 0.03072916716337204 0.05370370298624039
0 0.7432291507720947 0.6314814686775208 0.05000000074505806 0.06481481343507767
0 0.707812488079071 0.6361111402511597 0.03541666641831398 0.07592592388391495
0 0.6861979365348816 0.6949074268341064 0.0234375 0.07870370149612427
0 0.6559895873069763 0.6472222208976746 0.02760416641831398 0.06666667014360428
0 0.6302083134651184 0.645370364189148 0.02812499925494194 0.07222222536802292
0 0.6065104007720947 0.6486111283302307 0.02447916753590107 0.0694444477558136
0 0.5807291865348816 0.6499999761581421 0.02500000037252903 0.06481481343507767
0 0.5526041388511658 0.6583333611488342 0.01666666753590107 0.06111111119389534
0 0.83984375 0.6953703761100769 0.0598958320915699 0.05740740895271301
0 0.7869791388511658 0.7513889074325562 0.05520833283662796 0.049074072390794754
0 0.9635416865348816 0.6782407164573669 0.05624999850988388 0.0416666679084301
0 0.9736979007720947 0.512499988079071 0.04531250149011612 0.08425925672054291
0 0.9677083492279053 0.7944444417953491 0.0416666679084301 0.0833333358168602
0 0.9315103888511658 0.802314817905426 0.04635416716337204 0.08611111342906952
0 0.8848958611488342 0.8111110925674438 0.0416666679084301 0.08148147910833359
0 0.8453124761581421 0.8097222447395325 0.03958333283662796 0.0972222238779068
0 0.7250000238418579 0.8361111283302307 0.03854166716337204 0.07037036865949631
0 0.6856771111488342 0.8518518805503845 0.02968749962747097 0.05740740895271301
0 0.6338541507720947 0.8504629731178284 0.03333333507180214 0.08981481194496155
0 0.5895833373069763 0.8620370626449585 0.02916666679084301 0.08888889104127884
0 0.5197916626930237 0.875 0.02500000037252903 0.09074074029922485
0 0.4763020873069763 0.8564814925193787 0.02552083320915699 0.13518518209457397
0 0.3825520873069763 0.8893518447875977 0.02135416679084301 0.0694444477558136
0 0.34192708134651184 0.8819444179534912 0.02968749962747097 0.09351851791143417
0 0.2966145873069763 0.8949074149131775 0.02968749962747097 0.08611111342906952
0 0.24817708134651184 0.8912037014961243 0.0338541679084301 0.09907407313585281
0 0.20703125 0.894444465637207 0.0338541679084301 0.08518518507480621
0 0.17369791865348816 0.854629635810852 0.05156249925494194 0.11851851642131805
0 0.14166666567325592 0.8587962985038757 0.03958333283662796 0.08796296268701553
0 0.1067708358168602 0.8578703999519348 0.03958333283662796 0.07870370149612427
0 0.0807291641831398 0.8500000238418579 0.0364583320915699 0.07037036865949631
0 0.05156249925494194 0.8513888716697693 0.03750000149011612 0.0824074074625969
0 0.02682291716337204 0.831944465637207 0.05364583432674408 0.10092592239379883
0 0.39244791865348816 0.45092591643333435 0.01927083358168602 0.09259258955717087
0 0.12161458283662796 0.3976851999759674 0.03697916492819786 0.1379629671573639
0 0.4481770694255829 0.6004629731178284 0.0234375 0.06018518656492233
0 0.47265625 0.5935184955596924 0.02656250074505806 0.05740740895271301
0 0.500781238079071 0.5902777910232544 0.01822916604578495 0.06574074178934097
