0 0.03307291492819786 0.042129628360271454 0.03177083283662796 0.04722222313284874
0 0.10520832985639572 0.05277777835726738 0.03541666641831398 0.040740739554166794
0 0.4880208373069763 0.18796296417713165 0.01354166679084301 0.06111111119389534
0 0.507031261920929 0.19074073433876038 0.015104166232049465 0.06666667014360428
0 0.546875 0.19953703880310059 0.014583333395421505 0.07500000298023224
0 0.58203125 0.1944444477558136 0.01406249962747097 0.06111111119389534
0 0.600781261920929 0.1865740716457367 0.01406249962747097 0.06203703582286835
0 0.621874988079071 0.1944444477558136 0.015625 0.08148147910833359
0 0.6408854126930237 0.1805555522441864 0.01406249962747097 0.05925925821065903
0 0.6580728888511658 0.18425926566123962 0.01406249962747097 0.06296296417713165
0 0.6755208373069763 0.1856481432914734 0.014583333395421505 0.06018518656492233
0 0.6947916746139526 0.18611110746860504 0.014583333395421505 0.05925925821065903
0 0.7208333611488342 0.18611110746860504 0.03125 0.06666667014360428
0 0.7328125238418579 0.18425926566123962 0.014583333395421505 0.05000000074505806
0 0.7518228888511658 0.19814814627170563 0.01718750037252903 0.07592592388391495
0 0.770312488079071 0.1893518567085266 0.01354166679084301 0.05833333358168602
0 0.7867187261581421 0.1865740716457367 0.01406249962747097 0.06388889253139496
0 0.8101562261581421 0.1805555522441864 0.01614583283662796 0.05925925821065903
0 0.585156261920929 0.2865740656852722 0.03489583358168602 0.043518517166376114
0 0.8817708492279053 0.2537037134170532 0.03229166567325592 0.02777777798473835
0 0.8861979246139526 0.29027777910232544 0.03072916716337204 0.02500000037252903
0 0.8851562738418579 0.3236111104488373 0.0390625 0.026851851493120193
0 0.8830729126930237 0.36666667461395264 0.03489583358168602 0.025925925001502037
0 0.8739583492279053 0.4435185194015503 0.01875000074505806 0.06296296417713165
0 0.8932291865348816 0.4375 0.014583333395421505 0.06203703582286835
0 0.9125000238418579 0.4393518567085266 0.01666666753590107 0.06018518656492233
0 0.9317708611488342 0.43194442987442017 0.015625 0.05277777835726738
0 0.9513021111488342 0.4347222149372101 0.01614583283662796 0.06203703582286835
0 0.9708333611488342 0.43703705072402954 0.014583333395421505 0.05370370298624039
0 0.9885416626930237 0.5240740776062012 0.02187499962747097 0.02777777798473835
0 0.9911458492279053 0.5560185313224792 0.01666666753590107 0.026851851493120193
0 0.989062488079071 0.6203703880310059 0.02083333395421505 0.025925925001502037
0 0.9901041388511658 0.6537036895751953 0.01875000074505806 0.02777777798473835
0 0.9911458492279053 0.6912037134170532 0.01666666753590107 0.028703704476356506
0 0.98828125 0.7245370149612427 0.02239583246409893 0.03055555559694767
0 0.9934895634651184 0.7555555701255798 0.01197916641831398 0.024074073880910873
0 0.9908854365348816 0.7902777791023254 0.01718750037252903 0.03055555559694767
0 0.9921875 0.824999988079071 0.014583333395421505 0.02777777798473835
0 0.9903646111488342 0.8597221970558167 0.01822916604578495 0.03055555559694767
0 0.9942708611488342 0.9175925850868225 0.010416666977107525 0.02777777798473835
0 0.9937499761581421 0.9472222328186035 0.01145833358168602 0.02777777798473835
0 0.05026041716337204 0.3185185194015503 0.03593749925494194 0.025925925001502037
0 0.05130208283662796 0.3560185134410858 0.03593749925494194 0.02500000037252903
0 0.0520833320915699 0.3916666805744171 0.03750000149011612 0.025925925001502037
0 0.05130208283662796 0.4245370328426361 0.0390625 0.028703704476356506
0 0.04713541641831398 0.4564814865589142 0.03593749925494194 0.025925925001502037
0 0.04609375074505806 0.4893518388271332 0.03489583358168602 0.02500000037252903
0 0.04869791492819786 0.5254629850387573 0.03593749925494194 0.028703704476356506
0 0.04713541641831398 0.5606481432914734 0.03593749925494194 0.026851851493120193
0 0.04765624925494194 0.595370352268219 0.03177083283662796 0.025925925001502037
0 0.04713541641831398 0.6273148059844971 0.03697916492819786 0.026851851493120193
0 0.04791666567325592 0.6606481671333313 0.03958333283662796 0.02500000037252903
0 0.04609375074505806 0.6958333253860474 0.03489583358168602 0.026851851493120193
0 0.04401041567325592 0.7291666865348816 0.03697916492819786 0.028703704476356506
0 0.10989583283662796 0.5601851940155029 0.02812499925494194 0.0555555559694767
0 0.0533854179084301 0.7842592597007751 0.0338541679084301 0.051851850003004074
0 0.06458333134651184 0.8157407641410828 0.03229166567325592 0.05370370298624039
0 0.07500000298023224 0.8407407402992249 0.02604166604578495 0.04444444552063942
0 0.10182292014360428 0.8870370388031006 0.0338541679084301 0.05740740895271301
0 0.11302082985639572 0.9152777791023254 0.03020833246409893 0.05277777835726738
0 0.12864583730697632 0.9365741014480591 0.03125 0.05277777835726738
0 0.15651041269302368 0.9819444417953491 0.02760416641831398 0.034259259700775146
0 0.14401040971279144 0.9606481194496155 0.04114583507180214 0.06574074178934097
0 0.13671875 0.3638888895511627 0.015104166232049465 0.05925925821065903
0 0.15859374403953552 0.3611111044883728 0.01614583283662796 0.06666667014360428
0 0.17526040971279144 0.36944442987442017 0.01406249962747097 0.05925925821065903
0 0.19453124701976776 0.35879629850387573 0.01718750037252903 0.06203703582286835
0 0.21484375 0.3569444417953491 0.01718750037252903 0.06759259104728699
0 0.23359374701976776 0.3601851761341095 0.015104166232049465 0.05925925821065903
0 0.25338542461395264 0.36157408356666565 0.01614583283662796 0.06388889253139496
0 0.2916666567325592 0.364814817905426 0.014583333395421505 0.05925925821065903
0 0.31041666865348816 0.3611111044883728 0.01770833320915699 0.07407407462596893
0 0.3291666805744171 0.36759260296821594 0.015625 0.06296296417713165
0 0.3645833432674408 0.36851853132247925 0.014583333395421505 0.06481481343507767
0 0.38463541865348816 0.36851853132247925 0.015104166232049465 0.06111111119389534
0 0.4039062559604645 0.3671296238899231 0.01406249962747097 0.06018518656492233
0 0.4247395694255829 0.3787037134170532 0.01614583283662796 0.06666667014360428
0 0.4580729305744171 0.3611111044883728 0.015104166232049465 0.06481481343507767
0 0.4778645932674408 0.3620370328426361 0.01614583283662796 0.07962962985038757
0 0.49661457538604736 0.3689814805984497 0.013020833022892475 0.05648148059844971
0 0.5151041746139526 0.3662036955356598 0.01354166679084301 0.05833333358168602
0 0.5330728888511658 0.3662036955356598 0.013020833022892475 0.06203703582286835
0 0.553906261920929 0.3643518388271332 0.015104166232049465 0.05833333358168602
0 0.5713541507720947 0.3601851761341095 0.01354166679084301 0.05740740895271301
0 0.6067708134651184 0.3592592477798462 0.015625 0.06481481343507767
0 0.6265624761581421 0.3550925850868225 0.014583333395421505 0.06018518656492233
0 0.6479166746139526 0.35740742087364197 0.015625 0.06481481343507767
0 0.6669270992279053 0.3629629611968994 0.015104166232049465 0.06296296417713165
0 0.6856771111488342 0.36064815521240234 0.01406249962747097 0.06388889253139496
0 0.703906238079071 0.3578703701496124 0.015104166232049465 0.06018518656492233
0 0.7213541865348816 0.3583333194255829 0.014583333395421505 0.05925925821065903
0 0.7401041388511658 0.3638888895511627 0.01354166679084301 0.06481481343507767
0 0.7588541507720947 0.3680555522441864 0.014583333395421505 0.05462963134050369
0 0.778124988079071 0.36574074625968933 0.014583333395421505 0.05925925821065903
0 0.7971354126930237 0.3629629611968994 0.015104166232049465 0.06111111119389534
0 0.13750000298023224 0.4356481432914734 0.01770833320915699 0.06203703582286835
0 0.15833333134651184 0.4365740716457367 0.014583333395421505 0.05648148059844971
0 0.17604166269302368 0.4407407343387604 0.014583333395421505 0.05925925821065903
0 0.19453124701976776 0.4407407343387604 0.01718750037252903 0.06666667014360428
0 0.21302083134651184 0.4365740716457367 0.01666666753590107 0.06388889253139496
0 0.23333333432674408 0.4333333373069763 0.014583333395421505 0.05740740895271301
0 0.24973958730697632 0.43611112236976624 0.015104166232049465 0.06111111119389534
0 0.2710937559604645 0.43287035822868347 0.01614583283662796 0.06574074178934097
0 0.2901041805744171 0.43518519401550293 0.014583333395421505 0.06296296417713165
0 0.3088541626930237 0.43981480598449707 0.014583333395421505 0.05925925821065903
0 0.32734376192092896 0.4375 0.013020833022892475 0.05648148059844971
0 0.3479166626930237 0.4402777850627899 0.01354166679084301 0.06203703582286835
0 0.38359373807907104 0.43888887763023376 0.015104166232049465 0.06111111119389534
0 0.40442708134651184 0.44212964177131653 0.013020833022892475 0.05462963134050369
0 0.4229166805744171 0.45277777314186096 0.014583333395421505 0.05925925821065903
0 0.44140625 0.4407407343387604 0.013020833022892475 0.05925925821065903
0 0.46015626192092896 0.4407407343387604 0.013020833022892475 0.0555555559694767
0 0.4778645932674408 0.4365740716457367 0.013020833022892475 0.05277777835726738
0 0.4973958432674408 0.4416666626930237 0.014583333395421505 0.05740740895271301
0 0.5161458253860474 0.4356481432914734 0.01354166679084301 0.05462963134050369
0 0.5346354246139526 0.4384259283542633 0.013020833022892475 0.05833333358168602
0 0.5531250238418579 0.4375 0.015625 0.06388889253139496
0 0.571093738079071 0.4333333373069763 0.013020833022892475 0.06111111119389534
0 0.5888020992279053 0.4435185194015503 0.01406249962747097 0.05925925821065903
0 0.6078125238418579 0.4347222149372101 0.014583333395421505 0.06203703582286835
0 0.6268228888511658 0.4333333373069763 0.01406249962747097 0.05925925821065903
0 0.6468750238418579 0.43518519401550293 0.01354166679084301 0.05370370298624039
0 0.6674479246139526 0.43518519401550293 0.015104166232049465 0.06296296417713165
0 0.6861979365348816 0.4268518388271332 0.015104166232049465 0.05740740895271301
0 0.7041666507720947 0.43287035822868347 0.015625 0.0694444477558136
0 0.7229166626930237 0.4268518388271332 0.01354166679084301 0.0555555559694767
0 0.7427083253860474 0.4384259283542633 0.015625 0.06203703582286835
0 0.7604166865348816 0.4416666626930237 0.014583333395421505 0.05925925821065903
0 0.7776041626930237 0.42916667461395264 0.014583333395421505 0.05833333358168602
0 0.7971354126930237 0.4416666626930237 0.01718750037252903 0.06296296417713165
0 0.3765625059604645 0.5115740895271301 0.03229166567325592 0.043518517166376114
0 0.4739583432674408 0.5180555582046509 0.03229166567325592 0.026851851493120193
0 0.13385416567325592 0.6152777671813965 0.014583333395421505 0.05648148059844971
0 0.15286459028720856 0.6129629611968994 0.01406249962747097 0.06296296417713165
0 0.171875 0.614814817905426 0.01875000074505806 0.06666667014360428
0 0.19036458432674408 0.6162037253379822 0.015104166232049465 0.06018518656492233
0 0.20859375596046448 0.6171296238899231 0.01406249962747097 0.06018518656492233
0 0.22890624403953552 0.6087962985038757 0.01406249962747097 0.05648148059844971
0 0.24817708134651184 0.6171296238899231 0.01406249962747097 0.05277777835726738
0 0.2671875059604645 0.6074073910713196 0.014583333395421505 0.0555555559694767
0 0.2861979305744171 0.6120370626449585 0.01406249962747097 0.05925925821065903
0 0.30546873807907104 0.6106481552124023 0.015104166232049465 0.06018518656492233
0 0.32473957538604736 0.6078703999519348 0.01406249962747097 0.06203703582286835
0 0.3427083194255829 0.612500011920929 0.014583333395421505 0.05833333358168602
0 0.36145833134651184 0.6087962985038757 0.015625 0.06203703582286835
0 0.3802083432674408 0.6138888597488403 0.01354166679084301 0.06111111119389534
0 0.3994791805744171 0.6194444298744202 0.014583333395421505 0.06111111119389534
0 0.41848957538604736 0.6203703880310059 0.01406249962747097 0.05740740895271301
0 0.4372395873069763 0.6208333373069763 0.01406249962747097 0.06203703582286835
0 0.45625001192092896 0.6134259104728699 0.014583333395421505 0.06574074178934097
0 0.4742187559604645 0.6185185313224792 0.01406249962747097 0.06296296417713165
0 0.4958333373069763 0.6189814805984497 0.014583333395421505 0.05833333358168602
0 0.5140625238418579 0.6092592477798462 0.014583333395421505 0.06111111119389534
0 0.532031238079071 0.6087962985038757 0.015104166232049465 0.06018518656492233
0 0.13177083432674408 0.6930555701255798 0.01666666753590107 0.06388889253139496
0 0.15546874701976776 0.6925926208496094 0.01614583283662796 0.06111111119389534
0 0.17239584028720856 0.6888889074325562 0.01354166679084301 0.05925925821065903
0 0.18854166567325592 0.6856481432914734 0.014583333395421505 0.06203703582286835
0 0.20885416865348816 0.6842592358589172 0.014583333395421505 0.05740740895271301
0 0.22942708432674408 0.6902777552604675 0.01406249962747097 0.06018518656492233
0 0.24791666865348816 0.6893518567085266 0.015625 0.06018518656492233
0 0.2653645873069763 0.7018518447875977 0.015104166232049465 0.06481481343507767
0 0.28593748807907104 0.6865741014480591 0.014583333395421505 0.05833333358168602
0 0.3049479126930237 0.6930555701255798 0.01406249962747097 0.05833333358168602
0 0.32343751192092896 0.6884258985519409 0.014583333395421505 0.05648148059844971
0 0.34166666865348816 0.6907407641410828 0.01354166679084301 0.0555555559694767
0 0.3619791567325592 0.6819444298744202 0.01354166679084301 0.05648148059844971
0 0.3804687559604645 0.6824073791503906 0.013020833022892475 0.046296294778585434
0 0.3994791805744171 0.6953703761100769 0.014583333395421505 0.06296296417713165
0 0.4182291626930237 0.6916666626930237 0.015625 0.06111111119389534
0 0.4375 0.6893518567085266 0.01354166679084301 0.06018518656492233
0 0.4567708373069763 0.6870370507240295 0.014583333395421505 0.06296296417713165
0 0.4749999940395355 0.6925926208496094 0.014583333395421505 0.06111111119389534
0 0.49401041865348816 0.6884258985519409 0.015104166232049465 0.05833333358168602
0 0.5114583373069763 0.6851851940155029 0.01354166679084301 0.05740740895271301
0 0.5317708253860474 0.6842592358589172 0.014583333395421505 0.06296296417713165
0 0.5893229246139526 0.6129629611968994 0.013020833022892475 0.05370370298624039
0 0.6091145873069763 0.6087962985038757 0.01406249962747097 0.06203703582286835
0 0.6283854246139526 0.6074073910713196 0.015104166232049465 0.06111111119389534
0 0.647656261920929 0.6027777791023254 0.015104166232049465 0.06481481343507767
0 0.6653645634651184 0.602314829826355 0.015104166232049465 0.06018518656492233
0 0.6846354007720947 0.605555534362793 0.01406249962747097 0.06111111119389534
0 0.703125 0.6097221970558167 0.012500000186264515 0.04722222313284874
0 0.7231770753860474 0.6069444417953491 0.01406249962747097 0.06018518656492233
0 0.7398437261581421 0.6060185432434082 0.01406249962747097 0.06203703582286835
0 0.7601562738418579 0.6050925850868225 0.01718750037252903 0.06574074178934097
0 0.7768229246139526 0.6060185432434082 0.015104166232049465 0.06018518656492233
0 0.796093761920929 0.6064814925193787 0.015104166232049465 0.06481481343507767
0 0.8153645992279053 0.6083333492279053 0.013020833022892475 0.0555555559694767
0 0.832812488079071 0.605555534362793 0.015625 0.05925925821065903
0 0.852343738079071 0.6078703999519348 0.01614583283662796 0.05833333358168602
0 0.8726562261581421 0.6111111044883728 0.01614583283662796 0.06481481343507767
0 0.8932291865348816 0.6175925731658936 0.015625 0.05740740895271301
0 0.909375011920929 0.6060185432434082 0.014583333395421505 0.05462963134050369
0 0.7572916746139526 0.6851851940155029 0.014583333395421505 0.06111111119389534
0 0.7848958373069763 0.6851851940155029 0.02916666679084301 0.06296296417713165
0 0.796875 0.6856481432914734 0.014583333395421505 0.05648148059844971
0 0.8158854246139526 0.6814814805984497 0.013020833022892475 0.05925925821065903
0 0.8346354365348816 0.6833333373069763 0.015104166232049465 0.05925925821065903
0 0.8528645634651184 0.6777777671813965 0.015104166232049465 0.06111111119389534
0 0.8734375238418579 0.6819444298744202 0.014583333395421505 0.05462963134050369
0 0.8919270634651184 0.6884258985519409 0.01614583283662796 0.06018518656492233
0 0.9117187261581421 0.6856481432914734 0.015104166232049465 0.06203703582286835
0 0.6114583611488342 0.7810184955596924 0.03125 0.02500000037252903
0 0.22161458432674408 0.8611111044883728 0.01718750037252903 0.06666667014360428
0 0.24765625596046448 0.8615740537643433 0.015104166232049465 0.05462963134050369
0 0.2669270932674408 0.864814817905426 0.01406249962747097 0.05740740895271301
0 0.2864583432674408 0.8652777671813965 0.01354166679084301 0.06203703582286835
0 0.3046875 0.8685185313224792 0.01354166679084301 0.05740740895271301
0 0.32239583134651184 0.8615740537643433 0.015625 0.0694444477558136
0 0.3427083194255829 0.8606481552124023 0.015625 0.06759259104728699
0 0.3609375059604645 0.8703703880310059 0.01354166679084301 0.05740740895271301
0 0.3804687559604645 0.864814817905426 0.01406249962747097 0.06296296417713165
0 0.39895832538604736 0.8574073910713196 0.014583333395421505 0.06111111119389534
0 0.4177083373069763 0.864814817905426 0.01354166679084301 0.06111111119389534
0 0.4377604126930237 0.8587962985038757 0.015104166232049465 0.0694444477558136
0 0.4572916626930237 0.8587962985038757 0.01354166679084301 0.06018518656492233
0 0.4765625 0.8615740537643433 0.01354166679084301 0.05833333358168602
0 0.49557292461395264 0.8652777671813965 0.013020833022892475 0.05648148059844971
0 0.5122395753860474 0.8564814925193787 0.01614583283662796 0.07592592388391495
0 0.5315104126930237 0.864814817905426 0.01406249962747097 0.06111111119389534
0 0.5510416626930237 0.8643518686294556 0.01354166679084301 0.06018518656492233
0 0.571093738079071 0.8560185432434082 0.015104166232049465 0.07314814627170563
0 0.7580729126930237 0.8527777791023254 0.01822916604578495 0.08148147910833359
0 0.778124988079071 0.8537036776542664 0.014583333395421505 0.06111111119389534
0 0.7966145873069763 0.8550925850868225 0.015104166232049465 0.06018518656492233
0 0.8169270753860474 0.8652777671813965 0.015104166232049465 0.06203703582286835
0 0.8354166746139526 0.8652777671813965 0.015625 0.06203703582286835
0 0.8531249761581421 0.8652777671813965 0.014583333395421505 0.05277777835726738
0 0.8721354007720947 0.8620370626449585 0.01614583283662796 0.06111111119389534
0 0.8908854126930237 0.8583333492279053 0.01718750037252903 0.06111111119389534
0 0.9130208492279053 0.8509259223937988 0.01875000074505806 0.06666667014360428
0 0.2643229067325592 0.9393518567085266 0.015104166232049465 0.06018518656492233
0 0.2835937440395355 0.9375 0.01406249962747097 0.05462963134050369
0 0.3046875 0.9412037134170532 0.014583333395421505 0.05648148059844971
0 0.3239583373069763 0.9365741014480591 0.014583333395421505 0.06388889253139496
0 0.34296876192092896 0.9402777552604675 0.015104166232049465 0.06018518656492233
0 0.36119791865348816 0.9407407641410828 0.01406249962747097 0.06296296417713165
0 0.3802083432674408 0.9425926208496094 0.014583333395421505 0.06851851940155029
0 0.39921873807907104 0.9324073791503906 0.013020833022892475 0.05370370298624039
0 0.41848957538604736 0.9351851940155029 0.015104166232049465 0.06296296417713165
0 0.4375 0.9337962865829468 0.014583333395421505 0.05648148059844971
0 0.45703125 0.9333333373069763 0.015104166232049465 0.06481481343507767
0 0.4763020873069763 0.9351851940155029 0.013020833022892475 0.05925925821065903
0 0.4945312440395355 0.9425926208496094 0.013020833022892475 0.05925925821065903
0 0.5138021111488342 0.9407407641410828 0.01406249962747097 0.06481481343507767
0 0.5328124761581421 0.9421296119689941 0.01354166679084301 0.05648148059844971
0 0.5520833134651184 0.9421296119689941 0.014583333395421505 0.06574074178934097
0 0.5713541507720947 0.9444444179534912 0.014583333395421505 0.06296296417713165
0 0.589062511920929 0.9449074268341064 0.01354166679084301 0.06203703582286835
0 0.608593761920929 0.9435185194015503 0.01614583283662796 0.06851851940155029
0 0.6283854246139526 0.9444444179534912 0.015104166232049465 0.05740740895271301
0 0.647656261920929 0.9412037134170532 0.015104166232049465 0.06388889253139496
0 0.667187511920929 0.9402777552604675 0.014583333395421505 0.06574074178934097
0 0.6859375238418579 0.9393518567085266 0.01354166679084301 0.05833333358168602
0 0.7052083611488342 0.9356481432914734 0.014583333395421505 0.06203703582286835
0 0.723437488079071 0.9412037134170532 0.014583333395421505 0.06388889253139496
0 0.741406261920929 0.9356481432914734 0.015104166232049465 0.06203703582286835
0 0.76171875 0.9421296119689941 0.01614583283662796 0.07500000298023224
0 0.7807291746139526 0.9375 0.015625 0.06203703582286835
0 0.7992187738418579 0.9347222447395325 0.015104166232049465 0.05833333358168602
0 0.815625011920929 0.9398148059844971 0.01666666753590107 0.06481481343507767
0 0.835156261920929 0.9398148059844971 0.015104166232049465 0.06296296417713165
0 0.854687511920929 0.9365741014480591 0.01666666753590107 0.06203703582286835
0 0.8744791746139526 0.9356481432914734 0.01875000074505806 0.07870370149612427
0 0.895312488079071 0.9282407164573669 0.014583333395421505 0.06203703582286835
0 0.9135416746139526 0.9319444298744202 0.01770833320915699 0.06388889253139496
0 0.08932291716337204 0.8638888597488403 0.03177083283662796 0.0555555559694767
0 0.9924479126930237 0.9837962985038757 0.01406249962747097 0.03055555559694767
0 0.9927083253860474 0.5861111283302307 0.01354166679084301 0.02222222276031971
