0 0.4895833432674408 0.1814814805984497 0.01354166679084301 0.06111111119389534
0 0.508593738079071 0.18425926566123962 0.015104166232049465 0.06666667014360428
0 0.5486978888511658 0.19398148357868195 0.01614583283662796 0.07685185223817825
0 0.5838541388511658 0.18888889253139496 0.015625 0.06111111119389534
0 0.6231771111488342 0.19027778506278992 0.01614583283662796 0.0824074074625969
0 0.6424478888511658 0.17638888955116272 0.01406249962747097 0.05833333358168602
0 0.659375011920929 0.18009258806705475 0.01354166679084301 0.06388889253139496
0 0.6768229007720947 0.18287037312984467 0.015104166232049465 0.06018518656492233
0 0.6963541507720947 0.18287037312984467 0.014583333395421505 0.06018518656492233
0 0.7151041626930237 0.18379630148410797 0.01666666753590107 0.06574074178934097
0 0.753125011920929 0.19583334028720856 0.01666666753590107 0.07685185223817825
0 0.7710937261581421 0.18703703582286835 0.01406249962747097 0.06111111119389534
0 0.7880208492279053 0.1856481432914734 0.014583333395421505 0.06388889253139496
0 0.8114583492279053 0.17916665971279144 0.015625 0.05833333358168602
0 0.8812500238418579 0.2541666626930237 0.02916666679084301 0.026851851493120193
0 0.88671875 0.2898148000240326 0.03072916716337204 0.025925925001502037
0 0.8854166865348816 0.3236111104488373 0.03854166716337204 0.026851851493120193
0 0.8830729126930237 0.3662036955356598 0.0338541679084301 0.02500000037252903
0 0.8734375238418579 0.44305557012557983 0.01770833320915699 0.06203703582286835
0 0.8927083611488342 0.4375 0.014583333395421505 0.06203703582286835
0 0.9122396111488342 0.4402777850627899 0.01614583283662796 0.06018518656492233
0 0.9312499761581421 0.43287035822868347 0.015625 0.05092592537403107
0 0.9505208134651184 0.43518519401550293 0.015625 0.06296296417713165
0 0.9697916507720947 0.43796294927597046 0.014583333395421505 0.05370370298624039
0 0.9880208373069763 0.5249999761581421 0.02291666716337204 0.02777777798473835
0 0.9906250238418579 0.5574073791503906 0.01770833320915699 0.02777777798473835
0 0.9919270873069763 0.5884259343147278 0.015104166232049465 0.021296296268701553
0 0.9880208373069763 0.6217592358589172 0.02291666716337204 0.02500000037252903
0 0.989062488079071 0.6555555462837219 0.02083333395421505 0.02777777798473835
0 0.9898437261581421 0.6916666626930237 0.01927083358168602 0.02777777798473835
0 0.9869791865348816 0.7254629731178284 0.02500000037252903 0.028703704476356506
0 0.9921875 0.7569444179534912 0.014583333395421505 0.023148147389292717
0 0.9895833134651184 0.7912036776542664 0.01979166641831398 0.028703704476356506
0 0.9903646111488342 0.8254629373550415 0.01822916604578495 0.026851851493120193
0 0.9885416626930237 0.8601852059364319 0.02187499962747097 0.029629629105329514
0 0.9921875 0.917129635810852 0.014583333395421505 0.026851851493120193
0 0.9911458492279053 0.947685182094574 0.01666666753590107 0.026851851493120193
0 0.9085937738418579 0.7430555820465088 0.03281249850988388 0.037962961941957474
0 0.9091145992279053 0.6847222447395325 0.015104166232049465 0.06203703582286835
0 0.9075520634651184 0.6064814925193787 0.01406249962747097 0.0555555559694767
0 0.8919270634651184 0.6162037253379822 0.01614583283662796 0.05462963134050369
0 0.8893229365348816 0.6875 0.01718750037252903 0.06018518656492233
0 0.909375011920929 0.8490740656852722 0.01770833320915699 0.06666667014360428
0 0.9096354246139526 0.9310185313224792 0.01614583283662796 0.06018518656492233
0 0.891406238079071 0.9259259104728699 0.01614583283662796 0.06296296417713165
0 0.8877604007720947 0.8564814925193787 0.01718750037252903 0.06296296417713165
0 0.8687499761581421 0.8592592477798462 0.015625 0.06296296417713165
0 0.870312511920929 0.9333333373069763 0.01875000074505806 0.07777778059244156
0 0.850781261920929 0.9337962865829468 0.01614583283662796 0.06203703582286835
0 0.8497396111488342 0.8643518686294556 0.01406249962747097 0.05833333358168602
0 0.83203125 0.862500011920929 0.015104166232049465 0.06388889253139496
0 0.8315104246139526 0.9370370507240295 0.015104166232049465 0.06111111119389534
0 0.811718761920929 0.9365741014480591 0.01614583283662796 0.06388889253139496
0 0.8130208253860474 0.8615740537643433 0.015625 0.06203703582286835
0 0.7934895753860474 0.8518518805503845 0.015104166232049465 0.06296296417713165
0 0.7953125238418579 0.9319444298744202 0.015625 0.06018518656492233
0 0.7768229246139526 0.9328703880310059 0.015104166232049465 0.06203703582286835
0 0.7749999761581421 0.8495370149612427 0.014583333395421505 0.06018518656492233
0 0.7552083134651184 0.8472222089767456 0.01770833320915699 0.07777778059244156
0 0.7580729126930237 0.9388889074325562 0.01614583283662796 0.07407407462596893
0 0.7377604246139526 0.9314814805984497 0.01406249962747097 0.06111111119389534
0 0.7197916507720947 0.9365741014480591 0.015625 0.06388889253139496
0 0.7018229365348816 0.9305555820465088 0.015104166232049465 0.06296296417713165
0 0.6825520992279053 0.9333333373069763 0.01406249962747097 0.05740740895271301
0 0.6643229126930237 0.9347222447395325 0.01406249962747097 0.06388889253139496
0 0.6450520753860474 0.9342592358589172 0.015104166232049465 0.06296296417713165
0 0.625 0.9379629492759705 0.014583333395421505 0.05740740895271301
0 0.6057291626930237 0.9370370507240295 0.014583333395421505 0.06851851940155029
0 0.5864583253860474 0.9370370507240295 0.01354166679084301 0.06296296417713165
0 0.5682291388511658 0.9365741014480591 0.014583333395421505 0.06388889253139496
0 0.5494791865348816 0.9333333373069763 0.01354166679084301 0.06481481343507767
0 0.5299479365348816 0.9342592358589172 0.01406249962747097 0.0555555559694767
0 0.5111979246139526 0.9314814805984497 0.01406249962747097 0.06481481343507767
0 0.4921875 0.9333333373069763 0.014583333395421505 0.05925925821065903
0 0.4739583432674408 0.9263888597488403 0.012500000186264515 0.06018518656492233
0 0.45494791865348816 0.9236111044883728 0.015104166232049465 0.06574074178934097
0 0.43541666865348816 0.9226852059364319 0.014583333395421505 0.05648148059844971
0 0.4164062440395355 0.9245370626449585 0.01406249962747097 0.06388889253139496
0 0.3973958194255829 0.9212962985038757 0.012500000186264515 0.051851850003004074
0 0.37812501192092896 0.9314814805984497 0.014583333395421505 0.06851851940155029
0 0.359375 0.9291666746139526 0.014583333395421505 0.06203703582286835
0 0.3408854305744171 0.9287037253379822 0.015104166232049465 0.06111111119389534
0 0.32239583134651184 0.9245370626449585 0.01354166679084301 0.06574074178934097
0 0.3023437559604645 0.9287037253379822 0.01406249962747097 0.05925925821065903
0 0.28203123807907104 0.9240740537643433 0.01406249962747097 0.05740740895271301
0 0.2627604305744171 0.9254629611968994 0.015104166232049465 0.06203703582286835
0 0.5687500238418579 0.8495370149612427 0.01354166679084301 0.07314814627170563
0 0.5484374761581421 0.8564814925193787 0.01354166679084301 0.06296296417713165
0 0.5291666388511658 0.8564814925193787 0.01354166679084301 0.06111111119389534
0 0.4937500059604645 0.8564814925193787 0.014583333395421505 0.05740740895271301
0 0.47447916865348816 0.8527777791023254 0.01354166679084301 0.05925925821065903
0 0.45520833134651184 0.8495370149612427 0.014583333395421505 0.06018518656492233
0 0.4359374940395355 0.8486111164093018 0.015625 0.0694444477558136
0 0.4164062440395355 0.8550925850868225 0.01406249962747097 0.06203703582286835
0 0.3973958194255829 0.8467592597007751 0.014583333395421505 0.06018518656492233
0 0.3786458373069763 0.8541666865348816 0.014583333395421505 0.06388889253139496
0 0.359375 0.8592592477798462 0.01354166679084301 0.05925925821065903
0 0.3411458432674408 0.8500000238418579 0.015625 0.06851851940155029
0 0.3216145932674408 0.8500000238418579 0.01614583283662796 0.06851851940155029
0 0.3033854067325592 0.8564814925193787 0.01406249962747097 0.05925925821065903
0 0.2854166626930237 0.8518518805503845 0.01354166679084301 0.06296296417713165
0 0.2658854126930237 0.8513888716697693 0.015104166232049465 0.05833333358168602
0 0.24635416269302368 0.8481481671333313 0.015625 0.0555555559694767
0 0.22083333134651184 0.8486111164093018 0.01666666753590107 0.06574074178934097
0 0.5880208611488342 0.6074073910713196 0.01354166679084301 0.05370370298624039
0 0.6078125238418579 0.6041666865348816 0.014583333395421505 0.06388889253139496
0 0.6273437738418579 0.602314829826355 0.01406249962747097 0.06018518656492233
0 0.6466146111488342 0.5981481671333313 0.015104166232049465 0.06481481343507767
0 0.6640625 0.5972222089767456 0.015625 0.06111111119389534
0 0.6830729246139526 0.6004629731178284 0.01406249962747097 0.06203703582286835
0 0.7020833492279053 0.6064814925193787 0.01145833358168602 0.046296294778585434
0 0.7221354246139526 0.6037036776542664 0.01406249962747097 0.06111111119389534
0 0.73828125 0.6027777791023254 0.01406249962747097 0.06111111119389534
0 0.758593738079071 0.602314829826355 0.01718750037252903 0.06574074178934097
0 0.7752603888511658 0.6037036776542664 0.01614583283662796 0.06111111119389534
0 0.7945312261581421 0.604629635810852 0.015104166232049465 0.06481481343507767
0 0.813281238079071 0.6074073910713196 0.01406249962747097 0.05740740895271301
0 0.8309895992279053 0.604629635810852 0.015104166232049465 0.05925925821065903
0 0.850781261920929 0.6064814925193787 0.01614583283662796 0.05925925821065903
0 0.87109375 0.6101852059364319 0.01614583283662796 0.06481481343507767
0 0.7554687261581421 0.6828703880310059 0.01406249962747097 0.06018518656492233
0 0.7835937738418579 0.6824073791503906 0.03072916716337204 0.06296296417713165
0 0.7950521111488342 0.6833333373069763 0.015104166232049465 0.05740740895271301
0 0.8138020634651184 0.6796296238899231 0.01406249962747097 0.05925925821065903
0 0.8322916626930237 0.6814814805984497 0.014583333395421505 0.05925925821065903
0 0.850781261920929 0.6768518686294556 0.015104166232049465 0.06111111119389534
0 0.8690103888511658 0.6796296238899231 0.015104166232049465 0.06111111119389534
0 0.53125 0.602314829826355 0.015625 0.06203703582286835
0 0.5307291746139526 0.6763888597488403 0.014583333395421505 0.06203703582286835
0 0.5104166865348816 0.6763888597488403 0.014583333395421505 0.06018518656492233
0 0.49296873807907104 0.6810185313224792 0.01406249962747097 0.05833333358168602
0 0.4736979305744171 0.6842592358589172 0.01406249962747097 0.06111111119389534
0 0.4559895694255829 0.6787037253379822 0.015104166232049465 0.06296296417713165
0 0.43671876192092896 0.6805555820465088 0.01406249962747097 0.05925925821065903
0 0.41744792461395264 0.6819444298744202 0.015104166232049465 0.06203703582286835
0 0.3981770873069763 0.6851851940155029 0.01406249962747097 0.06296296417713165
0 0.3799479305744171 0.6717592477798462 0.013020833022892475 0.04722222313284874
0 0.36119791865348816 0.6726852059364319 0.01406249962747097 0.05648148059844971
0 0.34062498807907104 0.6805555820465088 0.014583333395421505 0.0555555559694767
0 0.3229166567325592 0.6787037253379822 0.014583333395421505 0.05740740895271301
0 0.3049479126930237 0.6819444298744202 0.01406249962747097 0.05833333358168602
0 0.28515625 0.6754629611968994 0.01406249962747097 0.05833333358168602
0 0.2653645873069763 0.6907407641410828 0.01614583283662796 0.06481481343507767
0 0.24765625596046448 0.677314817905426 0.01614583283662796 0.06203703582286835
0 0.2291666716337204 0.6782407164573669 0.014583333395421505 0.06203703582286835
0 0.20885416865348816 0.6722221970558167 0.014583333395421505 0.05925925821065903
0 0.18828125298023224 0.6726852059364319 0.01406249962747097 0.06203703582286835
0 0.17239584028720856 0.6754629611968994 0.014583333395421505 0.06018518656492233
0 0.15520833432674408 0.6796296238899231 0.01666666753590107 0.06296296417713165
0 0.13177083432674408 0.6796296238899231 0.01770833320915699 0.06296296417713165
0 0.13437500596046448 0.6018518805503845 0.014583333395421505 0.05925925821065903
0 0.15338541567325592 0.6004629731178284 0.015104166232049465 0.06574074178934097
0 0.17265625298023224 0.6018518805503845 0.01822916604578495 0.06666667014360428
0 0.20911458134651184 0.6050925850868225 0.01406249962747097 0.06203703582286835
0 0.2291666716337204 0.5972222089767456 0.014583333395421505 0.05740740895271301
0 0.24817708134651184 0.6064814925193787 0.015104166232049465 0.05370370298624039
0 0.2669270932674408 0.5967592597007751 0.01614583283662796 0.05462963134050369
0 0.28593748807907104 0.6004629731178284 0.014583333395421505 0.06018518656492233
0 0.30546873807907104 0.6004629731178284 0.015104166232049465 0.06018518656492233
0 0.32473957538604736 0.5972222089767456 0.015104166232049465 0.06111111119389534
0 0.3606770932674408 0.5990740656852722 0.01614583283662796 0.06296296417713165
0 0.3802083432674408 0.6050925850868225 0.01354166679084301 0.06203703582286835
0 0.39921873807907104 0.6106481552124023 0.015104166232049465 0.06203703582286835
0 0.41796875 0.6120370626449585 0.01406249962747097 0.05740740895271301
0 0.4372395873069763 0.6134259104728699 0.015104166232049465 0.06388889253139496
0 0.4557291567325592 0.6060185432434082 0.014583333395421505 0.06574074178934097
0 0.47343748807907104 0.6111111044883728 0.014583333395421505 0.06296296417713165
0 0.4950520694255829 0.612500011920929 0.015104166232049465 0.05833333358168602
0 0.4622395932674408 0.48750001192092896 0.02447916753590107 0.05462963134050369
0 0.4416666626930237 0.4333333373069763 0.012500000186264515 0.05925925821065903
0 0.42369791865348816 0.4453703761100769 0.015104166232049465 0.05925925821065903
0 0.4046874940395355 0.4337962865829468 0.01354166679084301 0.05648148059844971
0 0.3841145932674408 0.43009260296821594 0.015104166232049465 0.06203703582286835
0 0.34843748807907104 0.4314814805984497 0.01354166679084301 0.06111111119389534
0 0.32864582538604736 0.4268518388271332 0.01354166679084301 0.05740740895271301
0 0.3096354305744171 0.4296296238899231 0.015104166232049465 0.06296296417713165
0 0.3658854067325592 0.3601851761341095 0.015104166232049465 0.06666667014360428
0 0.4046874940395355 0.3583333194255829 0.014583333395421505 0.05925925821065903
0 0.42526042461395264 0.37037035822868347 0.01614583283662796 0.06666667014360428
0 0.32994791865348816 0.3583333194255829 0.015104166232049465 0.06296296417713165
0 0.2932291626930237 0.35462963581085205 0.01666666753590107 0.06111111119389534
0 0.25442707538604736 0.35046297311782837 0.01718750037252903 0.06203703582286835
0 0.2723958194255829 0.4217592477798462 0.01666666753590107 0.06759259104728699
0 0.25078123807907104 0.4254629611968994 0.015104166232049465 0.06203703582286835
0 0.23411458730697632 0.4217592477798462 0.015104166232049465 0.05833333358168602
0 0.21432290971279144 0.4254629611968994 0.01614583283662796 0.06388889253139496
0 0.1953125 0.42916667461395264 0.01666666753590107 0.06574074178934097
0 0.17734375596046448 0.42824074625968933 0.015104166232049465 0.06018518656492233
0 0.15963540971279144 0.42314815521240234 0.015104166232049465 0.05740740895271301
0 0.13828125596046448 0.4226851761341095 0.01822916604578495 0.06388889253139496
0 0.1380208283662796 0.35185185074806213 0.015625 0.06111111119389534
0 0.16041666269302368 0.34861111640930176 0.015625 0.06574074178934097
0 0.17682291567325592 0.3569444417953491 0.01406249962747097 0.05833333358168602
0 0.19635416567325592 0.3472222089767456 0.01666666753590107 0.06111111119389534
0 0.21692708134651184 0.34583333134651184 0.01718750037252903 0.06759259104728699
0 0.38463541865348816 0.32407405972480774 0.01927083358168602 0.05925925821065903
0 0.47864583134651184 0.3550925850868225 0.01666666753590107 0.08055555820465088
0 0.4976562559604645 0.3620370328426361 0.01406249962747097 0.0555555559694767
0 0.5335937738418579 0.3611111044883728 0.01406249962747097 0.06296296417713165
0 0.5716145634651184 0.35462963581085205 0.01406249962747097 0.05925925821065903
0 0.6072916388511658 0.35462963581085205 0.015625 0.06481481343507767
0 0.6273437738418579 0.35046297311782837 0.015104166232049465 0.06018518656492233
0 0.6484375 0.3541666567325592 0.015625 0.06574074178934097
0 0.6674479246139526 0.35879629850387573 0.01614583283662796 0.06388889253139496
0 0.7041666507720947 0.35462963581085205 0.015625 0.06111111119389534
0 0.7216145992279053 0.35648149251937866 0.01406249962747097 0.05925925821065903
0 0.7398437261581421 0.36157408356666565 0.01406249962747097 0.06388889253139496
0 0.7588541507720947 0.3652777671813965 0.014583333395421505 0.05648148059844971
0 0.7783854007720947 0.3638888895511627 0.015104166232049465 0.05925925821065903
0 0.7971354126930237 0.3611111044883728 0.01614583283662796 0.06296296417713165
0 0.4778645932674408 0.4296296238899231 0.013020833022892475 0.051851850003004074
0 0.4976562559604645 0.4356481432914734 0.01406249962747097 0.05833333358168602
0 0.516406238079071 0.4287036955356598 0.015104166232049465 0.0555555559694767
0 0.5533854365348816 0.43194442987442017 0.015104166232049465 0.06388889253139496
0 0.5716145634651184 0.4287036955356598 0.013020833022892475 0.06111111119389534
0 0.5888020992279053 0.43888887763023376 0.01406249962747097 0.05925925821065903
0 0.6078125238418579 0.4296296238899231 0.014583333395421505 0.06296296417713165
0 0.6270833611488342 0.4287036955356598 0.014583333395421505 0.05925925821065903
0 0.6468750238418579 0.43101853132247925 0.014583333395421505 0.05462963134050369
0 0.6677083373069763 0.4314814805984497 0.015625 0.06481481343507767
0 0.6859375238418579 0.42314815521240234 0.015625 0.05925925821065903
0 0.703906238079071 0.4296296238899231 0.015104166232049465 0.06851851940155029
0 0.72265625 0.4236111044883728 0.013020833022892475 0.05648148059844971
0 0.7419270873069763 0.43518519401550293 0.01614583283662796 0.06296296417713165
0 0.7596353888511658 0.4393518567085266 0.015104166232049465 0.05833333358168602
0 0.77734375 0.427314817905426 0.015104166232049465 0.05833333358168602
0 0.7971354126930237 0.43981480598449707 0.01718750037252903 0.06296296417713165
0 0.0520833320915699 0.30416667461395264 0.03541666641831398 0.026851851493120193
0 0.05286458507180214 0.34259259700775146 0.03489583358168602 0.024074073880910873
0 0.05364583432674408 0.37731480598449707 0.03750000149011612 0.026851851493120193
0 0.05260416492819786 0.40925925970077515 0.03854166716337204 0.029629629105329514
0 0.04843749850988388 0.44212964177131653 0.03437500074505806 0.026851851493120193
0 0.04765624925494194 0.47592592239379883 0.0338541679084301 0.024074073880910873
0 0.0494791679084301 0.5111111402511597 0.03541666641831398 0.02777777798473835
0 0.04765624925494194 0.5444444417953491 0.03697916492819786 0.02777777798473835
0 0.04895833507180214 0.5800926089286804 0.03229166567325592 0.02500000037252903
0 0.04739583283662796 0.6115740537643433 0.0364583320915699 0.02500000037252903
0 0.0481770820915699 0.6462963223457336 0.0390625 0.029629629105329514
0 0.04583333432674408 0.6810185313224792 0.03437500074505806 0.028703704476356506
0 0.04479166492819786 0.7129629850387573 0.03750000149011612 0.031481482088565826
0 0.0533854179084301 0.7685185074806213 0.03489583358168602 0.05370370298624039
0 0.06406249850988388 0.800000011920929 0.03229166567325592 0.051851850003004074
0 0.08906249701976776 0.8476851582527161 0.03125 0.05648148059844971
0 0.10104166716337204 0.8717592358589172 0.03333333507180214 0.05648148059844971
0 0.11249999701976776 0.8995370268821716 0.03020833246409893 0.05277777835726738
0 0.12812499701976776 0.9208333492279053 0.03125 0.05092592537403107
0 0.14244791865348816 0.9453703761100769 0.04218750074505806 0.06481481343507767
0 0.15390625596046448 0.9745370149612427 0.03072916716337204 0.049074072390794754
0 0.02031249925494194 0.04305555671453476 0.03229166567325592 0.049074072390794754
0 0.9276041388511658 0.0754629597067833 0.03333333507180214 0.049074072390794754
0 0.16848959028720856 0.9833333492279053 0.02656250074505806 0.031481482088565826
0 0.07500000298023224 0.824999988079071 0.02500000037252903 0.04444444552063942
