0 0.05312500149011612 0.023148147389292717 0.01666666753590107 0.046296294778585434
0 0.3268229067325592 0.019907407462596893 0.01406249962747097 0.03981481492519379
0 0.3486979305744171 0.02361111156642437 0.01406249962747097 0.04722222313284874
0 0.3695312440395355 0.023148147389292717 0.015104166232049465 0.046296294778585434
0 0.5640624761581421 0.023148147389292717 0.012500000186264515 0.046296294778585434
0 0.5843750238418579 0.02083333395421505 0.012500000186264515 0.0416666679084301
0 0.6070312261581421 0.019907407462596893 0.01406249962747097 0.03981481492519379
0 0.6307291388511658 0.020370369777083397 0.012500000186264515 0.040740739554166794
0 0.6539062261581421 0.021759258583188057 0.01406249962747097 0.043518517166376114
0 0.6786458492279053 0.021296296268701553 0.014583333395421505 0.04259259253740311
0 0.7289062738418579 0.018518518656492233 0.01718750037252903 0.03703703731298447
0 0.8023437261581421 0.01666666753590107 0.01406249962747097 0.03333333507180214
0 0.852343738079071 0.017129629850387573 0.015104166232049465 0.034259259700775146
0 0.9244791865348816 0.01666666753590107 0.01979166641831398 0.03333333507180214
0 0.9364583492279053 0.05138888955116272 0.02916666679084301 0.032407406717538834
0 0.758593738079071 0.06435184925794601 0.03177083283662796 0.026851851493120193
0 0.7593749761581421 0.10879629850387573 0.03333333507180214 0.02500000037252903
0 0.01197916641831398 0.14444445073604584 0.01770833320915699 0.05370370298624039
0 0.03177083283662796 0.14259259402751923 0.015625 0.051851850003004074
0 0.05781250074505806 0.14537036418914795 0.01666666753590107 0.05370370298624039
0 0.07968749850988388 0.13935184478759766 0.01666666753590107 0.05277777835726738
0 0.12421874701976776 0.14212962985038757 0.01614583283662796 0.05277777835726738
0 0.14947916567325592 0.1467592567205429 0.015625 0.05092592537403107
0 0.17135415971279144 0.1458333283662796 0.01770833320915699 0.05277777835726738
0 0.19479165971279144 0.14537036418914795 0.015625 0.05000000074505806
0 0.2395833283662796 0.14861111342906952 0.014583333395421505 0.049074072390794754
0 0.2604166567325592 0.1476851850748062 0.014583333395421505 0.049074072390794754
0 0.2822916805744171 0.14305555820465088 0.01354166679084301 0.05648148059844971
0 0.30677083134651184 0.1467592567205429 0.015625 0.05092592537403107
0 0.32630208134651184 0.14259259402751923 0.015104166232049465 0.05925925821065903
0 0.3492187559604645 0.1476851850748062 0.01406249962747097 0.05277777835726738
0 0.3713541626930237 0.14861111342906952 0.01354166679084301 0.05648148059844971
0 0.41796875 0.14537036418914795 0.015104166232049465 0.051851850003004074
0 0.44348958134651184 0.14120370149612427 0.013020833022892475 0.05833333358168602
0 0.01015624962747097 0.2013888955116272 0.01614583283662796 0.05092592537403107
0 0.02864583395421505 0.19814814627170563 0.015625 0.04259259253740311
0 0.06432291865348816 0.2004629671573639 0.01406249962747097 0.049074072390794754
0 0.08255208283662796 0.20092593133449554 0.015104166232049465 0.051851850003004074
0 0.10312499850988388 0.20324073731899261 0.015625 0.05462963134050369
0 0.12265624850988388 0.2023148089647293 0.01614583283662796 0.05277777835726738
0 0.14036458730697632 0.20324073731899261 0.01614583283662796 0.049074072390794754
0 0.15989583730697632 0.20185184478759766 0.015625 0.05370370298624039
0 0.18072916567325592 0.20416666567325592 0.01666666753590107 0.05092592537403107
0 0.20026041567325592 0.20416666567325592 0.01614583283662796 0.05092592537403107
0 0.21848958730697632 0.20694445073604584 0.015104166232049465 0.05277777835726738
0 0.2369791716337204 0.20416666567325592 0.01666666753590107 0.05462963134050369
0 0.2562499940395355 0.20324073731899261 0.014583333395421505 0.05092592537403107
0 0.27656251192092896 0.20370370149612427 0.015625 0.05000000074505806
0 0.2940104305744171 0.20694445073604584 0.015104166232049465 0.05277777835726738
0 0.31041666865348816 0.20277777314186096 0.01354166679084301 0.04814814776182175
0 0.3307291567325592 0.20277777314186096 0.014583333395421505 0.05740740895271301
0 0.38984376192092896 0.2023148089647293 0.01406249962747097 0.04722222313284874
0 0.40677082538604736 0.20601852238178253 0.01354166679084301 0.049074072390794754
0 0.4255208373069763 0.2092592567205429 0.014583333395421505 0.06111111119389534
0 0.4440104067325592 0.20416666567325592 0.013020833022892475 0.05648148059844971
0 0.4625000059604645 0.19768518209457397 0.014583333395421505 0.06018518656492233
0 0.5611979365348816 0.1953703761100769 0.01197916641831398 0.05000000074505806
0 0.5807291865348816 0.19861111044883728 0.01354166679084301 0.049074072390794754
0 0.598437488079071 0.19768518209457397 0.01354166679084301 0.05462963134050369
0 0.6192708611488342 0.20000000298023224 0.01354166679084301 0.05370370298624039
0 0.6390625238418579 0.1953703761100769 0.01354166679084301 0.051851850003004074
0 0.659375011920929 0.1944444477558136 0.01145833358168602 0.04814814776182175
0 0.6781250238418579 0.19212962687015533 0.01145833358168602 0.043518517166376114
0 0.6971353888511658 0.18194444477558136 0.013020833022892475 0.05277777835726738
0 0.7166666388511658 0.19490741193294525 0.014583333395421505 0.05462963134050369
0 0.7364583611488342 0.19814814627170563 0.014583333395421505 0.0555555559694767
0 0.7562500238418579 0.19120369851589203 0.01354166679084301 0.05277777835726738
0 0.7747395634651184 0.1935185194015503 0.01406249962747097 0.05370370298624039
0 0.7945312261581421 0.19120369851589203 0.01406249962747097 0.05833333358168602
0 0.8143228888511658 0.19074073433876038 0.01406249962747097 0.051851850003004074
0 0.8343750238418579 0.192592591047287 0.014583333395421505 0.051851850003004074
0 0.8549479246139526 0.19398148357868195 0.01406249962747097 0.049074072390794754
0 0.870312511920929 0.1884259283542633 0.014583333395421505 0.043518517166376114
0 0.8869791626930237 0.19166666269302368 0.014583333395421505 0.05370370298624039
0 0.01171875 0.3245370388031006 0.015104166232049465 0.04537037014961243
0 0.02890625037252903 0.3273148238658905 0.01718750037252903 0.04722222313284874
0 0.05703125149011612 0.32592591643333435 0.015104166232049465 0.05000000074505806
0 0.07369791716337204 0.3273148238658905 0.01718750037252903 0.05277777835726738
0 0.10312499850988388 0.32777777314186096 0.014583333395421505 0.04814814776182175
0 0.11822916567325592 0.3254629671573639 0.01354166679084301 0.04722222313284874
0 0.1341145783662796 0.32592591643333435 0.01406249962747097 0.04444444552063942
0 0.16458334028720856 0.3305555582046509 0.012500000186264515 0.04814814776182175
0 0.17994791269302368 0.33101850748062134 0.01406249962747097 0.049074072390794754
0 0.19609375298023224 0.33472222089767456 0.015104166232049465 0.043518517166376114
0 0.22473958134651184 0.3333333432674408 0.013020833022892475 0.046296294778585434
0 0.24010416865348816 0.3263888955116272 0.01354166679084301 0.049074072390794754
0 0.25468748807907104 0.3296296298503876 0.01354166679084301 0.04444444552063942
0 0.27031248807907104 0.3282407522201538 0.01354166679084301 0.04722222313284874
0 0.2854166626930237 0.33194443583488464 0.012500000186264515 0.0416666679084301
0 0.30026042461395264 0.32777777314186096 0.01406249962747097 0.05000000074505806
0 0.3161458373069763 0.3273148238658905 0.01354166679084301 0.049074072390794754
0 0.33125001192092896 0.32685184478759766 0.014583333395421505 0.05370370298624039
0 0.36119791865348816 0.3254629671573639 0.015104166232049465 0.05462963134050369
0 0.3916666805744171 0.32777777314186096 0.014583333395421505 0.05000000074505806
0 0.40625 0.32870370149612427 0.012500000186264515 0.04814814776182175
0 0.42109376192092896 0.33101850748062134 0.013020833022892475 0.05462963134050369
0 0.4348958432674408 0.33009257912635803 0.012500000186264515 0.05277777835726738
0 0.4518229067325592 0.32870370149612427 0.013020833022892475 0.05000000074505806
0 0.04296875 0.380092591047287 0.015104166232049465 0.043518517166376114
0 0.05885416641831398 0.38148146867752075 0.014583333395421505 0.051851850003004074
0 0.07369791716337204 0.3837963044643402 0.015104166232049465 0.05277777835726738
0 0.08932291716337204 0.3856481611728668 0.015104166232049465 0.04722222313284874
0 0.10520832985639572 0.38657405972480774 0.01666666753590107 0.043518517166376114
0 0.13619790971279144 0.3837963044643402 0.01822916604578495 0.05648148059844971
0 0.18203124403953552 0.38749998807907104 0.01614583283662796 0.05277777835726738
0 0.21119791269302368 0.385185182094574 0.015104166232049465 0.0555555559694767
0 0.22552083432674408 0.3837963044643402 0.01354166679084301 0.049074072390794754
0 0.24010416865348816 0.38333332538604736 0.01354166679084301 0.05000000074505806
0 0.2552083432674408 0.3819444477558136 0.01354166679084301 0.04722222313284874
0 0.27005207538604736 0.3870370388031006 0.015104166232049465 0.051851850003004074
0 0.2867187559604645 0.38425925374031067 0.01406249962747097 0.0555555559694767
0 0.3018229305744171 0.37962964177131653 0.01406249962747097 0.05000000074505806
0 0.3307291567325592 0.38240739703178406 0.01354166679084301 0.05370370298624039
0 0.34583333134651184 0.3837963044643402 0.014583333395421505 0.05277777835726738
0 0.36119791865348816 0.3847222328186035 0.013020833022892475 0.049074072390794754
0 0.3752604126930237 0.38240739703178406 0.01406249962747097 0.051851850003004074
0 0.3919270932674408 0.38055557012557983 0.015104166232049465 0.05370370298624039
0 0.42109376192092896 0.3810185194015503 0.01197916641831398 0.049074072390794754
0 0.4364583194255829 0.385185182094574 0.014583333395421505 0.0555555559694767
0 0.4515624940395355 0.3819444477558136 0.012500000186264515 0.05092592537403107
0 0.46796876192092896 0.38148146867752075 0.01406249962747097 0.05370370298624039
0 0.5598958134651184 0.322685182094574 0.014583333395421505 0.05277777835726738
0 0.5895833373069763 0.32592591643333435 0.01354166679084301 0.05925925821065903
0 0.620312511920929 0.3254629671573639 0.012500000186264515 0.049074072390794754
0 0.6364583373069763 0.3282407522201538 0.01145833358168602 0.03611111268401146
0 0.6656249761581421 0.3273148238658905 0.01354166679084301 0.04722222313284874
0 0.6815103888511658 0.3254629671573639 0.013020833022892475 0.049074072390794754
0 0.6979166865348816 0.32499998807907104 0.012500000186264515 0.0555555559694767
0 0.7119791507720947 0.322685182094574 0.012500000186264515 0.049074072390794754
0 0.7283853888511658 0.3263888955116272 0.01406249962747097 0.05277777835726738
0 0.7591145634651184 0.322685182094574 0.01406249962747097 0.049074072390794754
0 0.774218738079071 0.31990739703178406 0.015104166232049465 0.05462963134050369
0 0.8065103888511658 0.32499998807907104 0.01406249962747097 0.05000000074505806
0 0.8221353888511658 0.3166666626930237 0.01406249962747097 0.05740740895271301
0 0.8382812738418579 0.32175925374031067 0.015104166232049465 0.05462963134050369
0 0.8729166388511658 0.32083332538604736 0.014583333395421505 0.05277777835726738
0 0.5580729246139526 0.38055557012557983 0.013020833022892475 0.05000000074505806
0 0.5739583373069763 0.38055557012557983 0.012500000186264515 0.046296294778585434
0 0.5885416865348816 0.380092591047287 0.01145833358168602 0.04537037014961243
0 0.6041666865348816 0.385185182094574 0.012500000186264515 0.04814814776182175
0 0.620312511920929 0.38240739703178406 0.01354166679084301 0.05740740895271301
0 0.6361979246139526 0.3819444477558136 0.01197916641831398 0.05277777835726738
0 0.6640625 0.3837963044643402 0.01354166679084301 0.05092592537403107
0 0.696093738079071 0.38240739703178406 0.01406249962747097 0.05370370298624039
0 0.7104166746139526 0.375 0.01354166679084301 0.04444444552063942
0 0.7286458611488342 0.3782407343387604 0.01354166679084301 0.04722222313284874
0 0.7432291507720947 0.3777777850627899 0.01354166679084301 0.04814814776182175
0 0.758593738079071 0.3759259283542633 0.01406249962747097 0.046296294778585434
0 0.7893229126930237 0.37546294927597046 0.01406249962747097 0.05092592537403107
0 0.8221353888511658 0.3782407343387604 0.015104166232049465 0.05462963134050369
0 0.8372395634651184 0.3791666626930237 0.01406249962747097 0.049074072390794754
0 0.8533853888511658 0.3810185194015503 0.015104166232049465 0.05648148059844971
0 0.87109375 0.3782407343387604 0.01614583283662796 0.06018518656492233
0 0.02630208246409893 0.5037037134170532 0.01614583283662796 0.04814814776182175
0 0.04244791716337204 0.5018518567085266 0.01406249962747097 0.046296294778585434
0 0.05781250074505806 0.5060185194015503 0.014583333395421505 0.049074072390794754
0 0.07421875 0.5069444179534912 0.015104166232049465 0.04537037014961243
0 0.09036458283662796 0.5041666626930237 0.01614583283662796 0.05092592537403107
0 0.12031249701976776 0.5060185194015503 0.015625 0.05092592537403107
0 0.13697916269302368 0.5064814686775208 0.01666666753590107 0.04444444552063942
0 0.1666666716337204 0.5055555701255798 0.015625 0.05370370298624039
0 0.19348958134651184 0.5069444179534912 0.01406249962747097 0.05462963134050369
0 0.21015624701976776 0.5069444179534912 0.01718750037252903 0.05462963134050369
0 0.2541666626930237 0.5078703761100769 0.01354166679084301 0.049074072390794754
0 0.2705729305744171 0.5078703761100769 0.01406249962747097 0.049074072390794754
0 0.3005208373069763 0.5115740895271301 0.01354166679084301 0.04722222313284874
0 0.31588542461395264 0.5069444179534912 0.013020833022892475 0.043518517166376114
0 0.3463541567325592 0.5060185194015503 0.014583333395421505 0.05648148059844971
0 0.36015623807907104 0.5097222328186035 0.013020833022892475 0.0416666679084301
0 0.3763020932674408 0.5083333253860474 0.013020833022892475 0.05000000074505806
0 0.39140623807907104 0.5069444179534912 0.013020833022892475 0.0416666679084301
0 0.40677082538604736 0.5074074268341064 0.012500000186264515 0.04444444552063942
0 0.4208333194255829 0.5050926208496094 0.012500000186264515 0.04537037014961243
0 0.4359374940395355 0.5074074268341064 0.01354166679084301 0.051851850003004074
0 0.45130208134651184 0.5069444179534912 0.013020833022892475 0.05092592537403107
0 0.4684895873069763 0.5060185194015503 0.013020833022892475 0.0416666679084301
0 0.02630208246409893 0.5625 0.01927083358168602 0.049074072390794754
0 0.06015624850988388 0.5606481432914734 0.01614583283662796 0.049074072390794754
0 0.10703124850988388 0.5634258985519409 0.01718750037252903 0.05277777835726738
0 0.13593749701976776 0.5611110925674438 0.01666666753590107 0.05370370298624039
0 0.15182290971279144 0.5634258985519409 0.015104166232049465 0.05092592537403107
0 0.16562500596046448 0.5587962865829468 0.01354166679084301 0.04722222313284874
0 0.18255208432674408 0.5638889074325562 0.01718750037252903 0.051851850003004074
0 0.21119791269302368 0.5657407641410828 0.01406249962747097 0.05370370298624039
0 0.24036458134651184 0.5620370507240295 0.013020833022892475 0.04814814776182175
0 0.2552083432674408 0.5625 0.014583333395421505 0.04722222313284874
0 0.2708333432674408 0.5680555701255798 0.014583333395421505 0.04722222313284874
0 0.3010416626930237 0.5680555701255798 0.01354166679084301 0.05092592537403107
0 0.31588542461395264 0.5601851940155029 0.01406249962747097 0.05000000074505806
0 0.3463541567325592 0.5620370507240295 0.014583333395421505 0.051851850003004074
0 0.3619791567325592 0.5634258985519409 0.014583333395421505 0.05092592537403107
0 0.3773437440395355 0.5662037134170532 0.015104166232049465 0.05277777835726738
0 0.4052083194255829 0.5662037134170532 0.014583333395421505 0.049074072390794754
0 0.43697917461395264 0.5694444179534912 0.014583333395421505 0.05370370298624039
0 0.4518229067325592 0.5611110925674438 0.013020833022892475 0.05000000074505806
0 0.514843761920929 0.5342592597007751 0.015104166232049465 0.04814814776182175
0 0.5580729246139526 0.49953705072402954 0.01197916641831398 0.04537037014961243
0 0.5739583373069763 0.5041666626930237 0.01354166679084301 0.05462963134050369
0 0.589062511920929 0.5055555701255798 0.012500000186264515 0.04444444552063942
0 0.6044270992279053 0.5032407641410828 0.013020833022892475 0.05092592537403107
0 0.6195312738418579 0.5009258985519409 0.013020833022892475 0.05000000074505806
0 0.6348958611488342 0.5087962746620178 0.01145833358168602 0.043518517166376114
0 0.6499999761581421 0.5069444179534912 0.01354166679084301 0.04537037014961243
0 0.6656249761581421 0.5074074268341064 0.012500000186264515 0.05000000074505806
0 0.6815103888511658 0.5046296119689941 0.013020833022892475 0.05000000074505806
0 0.6971353888511658 0.5037037134170532 0.013020833022892475 0.04814814776182175
0 0.7122395634651184 0.5069444179534912 0.01197916641831398 0.043518517166376114
0 0.7276041507720947 0.5041666626930237 0.01354166679084301 0.04722222313284874
0 0.7591145634651184 0.5050926208496094 0.01614583283662796 0.05648148059844971
0 0.7739583253860474 0.5023148059844971 0.01354166679084301 0.04537037014961243
0 0.7890625 0.5041666626930237 0.01354166679084301 0.05277777835726738
0 0.8059895634651184 0.5055555701255798 0.013020833022892475 0.04814814776182175
0 0.8218749761581421 0.5069444179534912 0.012500000186264515 0.049074072390794754
0 0.836718738079071 0.5060185194015503 0.015104166232049465 0.04537037014961243
0 0.854687511920929 0.5060185194015503 0.01354166679084301 0.049074072390794754
0 0.8726562261581421 0.5069444179534912 0.015104166232049465 0.05277777835726738
0 0.8877604007720947 0.5069444179534912 0.015104166232049465 0.04722222313284874
0 0.5588541626930237 0.5578703880310059 0.012500000186264515 0.05092592537403107
0 0.573437511920929 0.5592592358589172 0.012500000186264515 0.05000000074505806
0 0.5888020992279053 0.5574073791503906 0.013020833022892475 0.05000000074505806
0 0.6033853888511658 0.5601851940155029 0.01197916641831398 0.04814814776182175
0 0.6192708611488342 0.5643518567085266 0.01354166679084301 0.05277777835726738
0 0.6513020992279053 0.5643518567085266 0.01406249962747097 0.05462963134050369
0 0.6664062738418579 0.5625 0.01197916641831398 0.049074072390794754
0 0.6807291507720947 0.5597222447395325 0.014583333395421505 0.05277777835726738
0 0.7104166746139526 0.5652777552604675 0.01354166679084301 0.049074072390794754
0 0.7268229126930237 0.5620370507240295 0.015104166232049465 0.0555555559694767
0 0.741406261920929 0.5592592358589172 0.013020833022892475 0.051851850003004074
0 0.7578125 0.5615741014480591 0.01354166679084301 0.05277777835726738
0 0.7739583253860474 0.5625 0.01354166679084301 0.05092592537403107
0 0.7901041507720947 0.5634258985519409 0.01354166679084301 0.05092592537403107
0 0.8062499761581421 0.5606481432914734 0.01354166679084301 0.049074072390794754
0 0.8221353888511658 0.5680555701255798 0.01614583283662796 0.05648148059844971
0 0.9846354126930237 0.5027777552604675 0.01718750037252903 0.05370370298624039
0 0.08958332985639572 0.7111111283302307 0.014583333395421505 0.046296294778585434
0 0.10572917014360428 0.7134259343147278 0.01770833320915699 0.049074072390794754
0 0.1497395783662796 0.7097222208976746 0.01614583283662796 0.043518517166376114
0 0.19739583134651184 0.7092592716217041 0.01666666753590107 0.05370370298624039
0 0.2265625 0.7087963223457336 0.014583333395421505 0.05462963134050369
0 0.24062499403953552 0.7124999761581421 0.014583333395421505 0.04537037014961243
0 0.25572916865348816 0.7092592716217041 0.01354166679084301 0.0555555559694767
0 0.27031248807907104 0.7111111283302307 0.01354166679084301 0.051851850003004074
0 0.28567707538604736 0.7124999761581421 0.015104166232049465 0.05277777835726738
0 0.3174479305744171 0.7087963223457336 0.015104166232049465 0.05462963134050369
0 0.3450520932674408 0.7060185074806213 0.01406249962747097 0.05092592537403107
0 0.3606770932674408 0.7134259343147278 0.015104166232049465 0.05462963134050369
0 0.3765625059604645 0.7092592716217041 0.01354166679084301 0.04814814776182175
0 0.40572917461395264 0.7124999761581421 0.01354166679084301 0.04722222313284874
0 0.4208333194255829 0.7124999761581421 0.01354166679084301 0.04537037014961243
0 0.43541666865348816 0.7092592716217041 0.01354166679084301 0.05370370298624039
0 0.4507812559604645 0.7074074149131775 0.01406249962747097 0.05000000074505806
0 0.13567708432674408 0.7527777552604675 0.01406249962747097 0.04444444552063942
0 0.16588541865348816 0.7638888955116272 0.015104166232049465 0.05000000074505806
0 0.1809895783662796 0.7671296000480652 0.01718750037252903 0.05648148059844971
0 0.2705729305744171 0.7611111402511597 0.01406249962747097 0.05000000074505806
0 0.30130207538604736 0.7657407522201538 0.01406249962747097 0.051851850003004074
0 0.31692707538604736 0.7652778029441833 0.015104166232049465 0.049074072390794754
0 0.3776041567325592 0.7675926089286804 0.015625 0.05370370298624039
0 0.40625 0.7666666507720947 0.01354166679084301 0.05740740895271301
0 0.4364583194255829 0.7666666507720947 0.014583333395421505 0.04814814776182175
0 0.5591145753860474 0.7120370268821716 0.013020833022892475 0.04814814776182175
0 0.57421875 0.710185170173645 0.01406249962747097 0.051851850003004074
0 0.5895833373069763 0.7180555462837219 0.012500000186264515 0.05092592537403107
0 0.6049479246139526 0.7162036895751953 0.01197916641831398 0.043518517166376114
0 0.6197916865348816 0.7115740776062012 0.012500000186264515 0.049074072390794754
0 0.6356770992279053 0.7124999761581421 0.013020833022892475 0.05092592537403107
0 0.649218738079071 0.7138888835906982 0.01197916641831398 0.04444444552063942
0 0.6666666865348816 0.7166666388511658 0.01354166679084301 0.046296294778585434
0 0.6820312738418579 0.7143518328666687 0.013020833022892475 0.04722222313284874
0 0.6979166865348816 0.7129629850387573 0.014583333395421505 0.051851850003004074
0 0.7270833253860474 0.7231481671333313 0.014583333395421505 0.05370370298624039
0 0.7440103888511658 0.7162036895751953 0.01406249962747097 0.04537037014961243
0 0.7593749761581421 0.7152777910232544 0.01354166679084301 0.04537037014961243
0 0.8062499761581421 0.7120370268821716 0.015625 0.05370370298624039
0 0.8229166865348816 0.7138888835906982 0.015625 0.0555555559694767
0 0.5752604007720947 0.7666666507720947 0.015104166232049465 0.0555555559694767
0 0.604687511920929 0.7680555582046509 0.014583333395421505 0.05462963134050369
0 0.6364583373069763 0.7685185074806213 0.012500000186264515 0.05925925821065903
0 0.6653645634651184 0.7754629850387573 0.015104166232049465 0.05277777835726738
0 0.7588541507720947 0.7708333134651184 0.014583333395421505 0.05462963134050369
0 0.7911458611488342 0.772685170173645 0.014583333395421505 0.05833333358168602
0 0.8851562738418579 0.779629647731781 0.01406249962747097 0.04814814776182175
0 0.9166666865348816 0.7782407402992249 0.01666666753590107 0.05462963134050369
0 0.12057291716337204 0.8902778029441833 0.01614583283662796 0.05462963134050369
0 0.16640624403953552 0.8884259462356567 0.01614583283662796 0.05092592537403107
0 0.2278645783662796 0.8912037014961243 0.01614583283662796 0.05092592537403107
0 0.27135416865348816 0.8921296000480652 0.014583333395421505 0.05462963134050369
0 0.3010416626930237 0.8967592716217041 0.01354166679084301 0.04722222313284874
0 0.31562501192092896 0.8935185074806213 0.01354166679084301 0.0555555559694767
0 0.3309895694255829 0.8930555582046509 0.015104166232049465 0.05462963134050369
0 0.37552082538604736 0.887499988079071 0.014583333395421505 0.049074072390794754
0 0.4677083194255829 0.8921296000480652 0.014583333395421505 0.04722222313284874
0 0.08828125149011612 0.9458333253860474 0.01614583283662796 0.05092592537403107
0 0.2864583432674408 0.947685182094574 0.014583333395421505 0.05462963134050369
0 0.3903645873069763 0.9453703761100769 0.01406249962747097 0.05000000074505806
0 0.40572917461395264 0.9458333253860474 0.015625 0.05462963134050369
0 0.4361979067325592 0.9467592835426331 0.01406249962747097 0.049074072390794754
0 0.5888020992279053 0.8898147940635681 0.015104166232049465 0.05370370298624039
0 0.6059895753860474 0.8930555582046509 0.01406249962747097 0.05833333358168602
0 0.6348958611488342 0.8925926089286804 0.015625 0.0555555559694767
0 0.696093738079071 0.895370364189148 0.01406249962747097 0.05000000074505806
0 0.7289062738418579 0.8981481194496155 0.015104166232049465 0.0555555559694767
0 0.7752603888511658 0.8995370268821716 0.015104166232049465 0.05277777835726738
0 0.5598958134651184 0.9379629492759705 0.015625 0.07592592388391495
0 0.6533854007720947 0.949999988079071 0.01718750037252903 0.05740740895271301
0 0.6809895634651184 0.949999988079071 0.01614583283662796 0.051851850003004074
0 0.7127603888511658 0.9518518447875977 0.015104166232049465 0.0555555559694767
0 0.7593749761581421 0.9546296000480652 0.015625 0.0555555559694767
0 0.7934895753860474 0.9527778029441833 0.01406249962747097 0.04814814776182175
0 0.82421875 0.9638888835906982 0.015104166232049465 0.04814814776182175
0 0.9526041746139526 0.9037036895751953 0.01666666753590107 0.05740740895271301
0 0.985156238079071 0.9055555462837219 0.01822916604578495 0.0555555559694767
0 0.9895833134651184 0.3791666626930237 0.015625 0.05277777835726738
0 0.04791666567325592 0.20416666567325592 0.01666666753590107 0.04722222313284874
0 0.14947916567325592 0.33009257912635803 0.01354166679084301 0.04537037014961243
0 0.010937499813735485 0.9814814925193787 0.02187499962747097 0.035185184329748154
