0 0.4919270873069763 0.18888889253139496 0.013020833022892475 0.06111111119389534
0 0.5106770992279053 0.19166666269302368 0.015104166232049465 0.06666667014360428
0 0.5502604246139526 0.20092593133449554 0.015104166232049465 0.07592592388391495
0 0.5854166746139526 0.19583334028720856 0.015625 0.06203703582286835
0 0.6244791746139526 0.19768518209457397 0.015625 0.08055555820465088
0 0.643750011920929 0.18379630148410797 0.01354166679084301 0.05833333358168602
0 0.660937488079071 0.18796296417713165 0.01354166679084301 0.06296296417713165
0 0.6781250238418579 0.19027778506278992 0.014583333395421505 0.05833333358168602
0 0.7052083611488342 0.19120369851589203 0.03020833246409893 0.05833333358168602
0 0.7161458134651184 0.19120369851589203 0.015625 0.06574074178934097
0 0.7536458373069763 0.20324073731899261 0.01770833320915699 0.07685185223817825
0 0.7721354365348816 0.19490741193294525 0.01406249962747097 0.06018518656492233
0 0.7888020873069763 0.19305555522441864 0.015104166232049465 0.06203703582286835
0 0.8119791746139526 0.1875 0.015625 0.05833333358168602
0 0.4322916567325592 0.28425925970077515 0.03229166567325592 0.04444444552063942
0 0.8822916746139526 0.2611111104488373 0.02916666679084301 0.025925925001502037
0 0.8864583373069763 0.2967592477798462 0.03020833246409893 0.02500000037252903
0 0.8856770992279053 0.3305555582046509 0.03802083432674408 0.025925925001502037
0 0.8822916746139526 0.37361112236976624 0.03229166567325592 0.02500000037252903
0 0.8736979365348816 0.4495370388031006 0.01822916604578495 0.06203703582286835
0 0.8927083611488342 0.44490739703178406 0.014583333395421505 0.06203703582286835
0 0.9119791388511658 0.44675925374031067 0.01666666753590107 0.06018518656492233
0 0.9312499761581421 0.43981480598449707 0.015625 0.051851850003004074
0 0.9502604007720947 0.44305557012557983 0.01718750037252903 0.06203703582286835
0 0.9700520634651184 0.44398146867752075 0.01406249962747097 0.05462963134050369
0 0.7619791626930237 0.5240740776062012 0.03750000149011612 0.02777777798473835
0 0.9880208373069763 0.5314815044403076 0.02291666716337204 0.02777777798473835
0 0.9903646111488342 0.5643518567085266 0.01822916604578495 0.026851851493120193
0 0.9880208373069763 0.6268518567085266 0.02291666716337204 0.024074073880910873
0 0.989062488079071 0.6615740656852722 0.02083333395421505 0.026851851493120193
0 0.9895833134651184 0.6986111402511597 0.01979166641831398 0.026851851493120193
0 0.9869791865348816 0.7314814925193787 0.02500000037252903 0.029629629105329514
0 0.9919270873069763 0.762499988079071 0.015104166232049465 0.02500000037252903
0 0.989062488079071 0.7967592477798462 0.02083333395421505 0.03055555559694767
0 0.9901041388511658 0.8305555582046509 0.01875000074505806 0.02777777798473835
0 0.9885416626930237 0.8666666746139526 0.02187499962747097 0.031481482088565826
0 0.9919270873069763 0.9231481552124023 0.015104166232049465 0.02777777798473835
0 0.991406261920929 0.9546296000480652 0.01614583283662796 0.024074073880910873
0 0.9557291865348816 0.6708333492279053 0.01666666753590107 0.06018518656492233
0 0.7578125 0.7861111164093018 0.03020833246409893 0.024074073880910873
0 0.8794270753860474 0.7847222089767456 0.0338541679084301 0.026851851493120193
0 0.9429687261581421 0.9013888835906982 0.02135416679084301 0.07314814627170563
0 0.909375011920929 0.8550925850868225 0.01770833320915699 0.06574074178934097
0 0.887499988079071 0.8629629611968994 0.01666666753590107 0.06111111119389534
0 0.8690103888511658 0.8643518686294556 0.01614583283662796 0.06203703582286835
0 0.8500000238418579 0.8689814805984497 0.01354166679084301 0.05833333358168602
0 0.8325520753860474 0.8675925731658936 0.015104166232049465 0.06296296417713165
0 0.8135416507720947 0.8666666746139526 0.015625 0.06111111119389534
0 0.7940104007720947 0.8569444417953491 0.015104166232049465 0.06388889253139496
0 0.7755208611488342 0.854629635810852 0.014583333395421505 0.05925925821065903
0 0.7557291388511658 0.8518518805503845 0.01770833320915699 0.07777778059244156
0 0.909375011920929 0.9347222447395325 0.01666666753590107 0.06388889253139496
0 0.8911458253860474 0.9314814805984497 0.015625 0.06296296417713165
0 0.870312511920929 0.9384258985519409 0.01875000074505806 0.07685185223817825
0 0.8510416746139526 0.9384258985519409 0.015625 0.06018518656492233
0 0.8317708373069763 0.9412037134170532 0.014583333395421505 0.06203703582286835
0 0.8119791746139526 0.9412037134170532 0.01666666753590107 0.06388889253139496
0 0.7955729365348816 0.9365741014480591 0.015104166232049465 0.05833333358168602
0 0.7776041626930237 0.9379629492759705 0.015625 0.06111111119389534
0 0.758593738079071 0.9421296119689941 0.01614583283662796 0.07314814627170563
0 0.73828125 0.9351851940155029 0.01406249962747097 0.06111111119389534
0 0.7205728888511658 0.9402777552604675 0.01406249962747097 0.06388889253139496
0 0.702343761920929 0.9342592358589172 0.015104166232049465 0.06296296417713165
0 0.68359375 0.9370370507240295 0.015104166232049465 0.05925925821065903
0 0.664843738079071 0.9384258985519409 0.015104166232049465 0.06388889253139496
0 0.6458333134651184 0.9384258985519409 0.014583333395421505 0.06388889253139496
0 0.625781238079071 0.9416666626930237 0.01406249962747097 0.05740740895271301
0 0.6067708134651184 0.9407407641410828 0.015625 0.06851851940155029
0 0.5874999761581421 0.9412037134170532 0.01354166679084301 0.06203703582286835
0 0.569531261920929 0.9402777552604675 0.01406249962747097 0.06388889253139496
0 0.55078125 0.9365741014480591 0.01406249962747097 0.06574074178934097
0 0.53125 0.9379629492759705 0.01354166679084301 0.0555555559694767
0 0.5127604007720947 0.9342592358589172 0.015104166232049465 0.06481481343507767
0 0.4937500059604645 0.9370370507240295 0.01354166679084301 0.05740740895271301
0 0.4755208194255829 0.9287037253379822 0.012500000186264515 0.05925925821065903
0 0.45651042461395264 0.927314817905426 0.01406249962747097 0.06388889253139496
0 0.4372395873069763 0.9263888597488403 0.01406249962747097 0.05648148059844971
0 0.41848957538604736 0.9277777671813965 0.015104166232049465 0.06296296417713165
0 0.3997395932674408 0.9245370626449585 0.013020833022892475 0.05277777835726738
0 0.3802083432674408 0.9347222447395325 0.014583333395421505 0.06759259104728699
0 0.36145833134651184 0.9319444298744202 0.01354166679084301 0.06203703582286835
0 0.34375 0.9319444298744202 0.014583333395421505 0.06018518656492233
0 0.32473957538604736 0.927314817905426 0.01406249962747097 0.06388889253139496
0 0.30546873807907104 0.9314814805984497 0.015104166232049465 0.05740740895271301
0 0.2848958373069763 0.9268518686294556 0.01354166679084301 0.0555555559694767
0 0.265625 0.9277777671813965 0.014583333395421505 0.06111111119389534
0 0.5697916746139526 0.8527777791023254 0.014583333395421505 0.07407407462596893
0 0.550000011920929 0.8606481552124023 0.01354166679084301 0.06203703582286835
0 0.5307291746139526 0.8597221970558167 0.01354166679084301 0.06018518656492233
0 0.49557292461395264 0.8620370626449585 0.01406249962747097 0.05925925821065903
0 0.4763020873069763 0.855555534362793 0.013020833022892475 0.05925925821065903
0 0.4572916626930237 0.8527777791023254 0.01354166679084301 0.05925925821065903
0 0.43802082538604736 0.8527777791023254 0.015625 0.06851851940155029
0 0.4182291626930237 0.8578703999519348 0.01354166679084301 0.06203703582286835
0 0.3994791805744171 0.8500000238418579 0.014583333395421505 0.06111111119389534
0 0.38072916865348816 0.8574073910713196 0.014583333395421505 0.06296296417713165
0 0.3617187440395355 0.8629629611968994 0.013020833022892475 0.05740740895271301
0 0.3434895873069763 0.8532407283782959 0.015104166232049465 0.06759259104728699
0 0.32421875 0.8527777791023254 0.01614583283662796 0.06851851940155029
0 0.3059895932674408 0.8587962985038757 0.01406249962747097 0.05648148059844971
0 0.2880208194255829 0.855555534362793 0.014583333395421505 0.06296296417713165
0 0.2684895694255829 0.8541666865348816 0.01406249962747097 0.05833333358168602
0 0.24947915971279144 0.8504629731178284 0.014583333395421505 0.05462963134050369
0 0.2239583283662796 0.8504629731178284 0.01666666753590107 0.06574074178934097
0 0.5895833373069763 0.6129629611968994 0.01354166679084301 0.05370370298624039
0 0.5330728888511658 0.6069444417953491 0.015104166232049465 0.06203703582286835
0 0.5317708253860474 0.6810185313224792 0.014583333395421505 0.06203703582286835
0 0.5122395753860474 0.6814814805984497 0.01406249962747097 0.05925925821065903
0 0.4947916567325592 0.6847222447395325 0.014583333395421505 0.05833333358168602
0 0.49687498807907104 0.6152777671813965 0.014583333395421505 0.05833333358168602
0 0.4755208194255829 0.6157407164573669 0.014583333395421505 0.06111111119389534
0 0.4755208194255829 0.6884258985519409 0.01354166679084301 0.06203703582286835
0 0.45755207538604736 0.6828703880310059 0.01406249962747097 0.06203703582286835
0 0.4580729305744171 0.6101852059364319 0.01406249962747097 0.06666667014360428
0 0.4390625059604645 0.6171296238899231 0.01354166679084301 0.06203703582286835
0 0.4385416805744171 0.6847222447395325 0.01354166679084301 0.05833333358168602
0 0.41979166865348816 0.6865741014480591 0.014583333395421505 0.06203703582286835
0 0.42005208134651184 0.6157407164573669 0.01406249962747097 0.05740740895271301
0 0.4010416567325592 0.6152777671813965 0.014583333395421505 0.06018518656492233
0 0.4007812440395355 0.6893518567085266 0.01406249962747097 0.06203703582286835
0 0.38203126192092896 0.6763888597488403 0.013020833022892475 0.04722222313284874
0 0.38229167461395264 0.6092592477798462 0.01354166679084301 0.05925925821065903
0 0.3635416626930237 0.6763888597488403 0.01354166679084301 0.05648148059844971
0 0.36380207538604736 0.6041666865348816 0.015104166232049465 0.06203703582286835
0 0.34322917461395264 0.6833333373069763 0.01354166679084301 0.0555555559694767
0 0.34557291865348816 0.6064814925193787 0.015104166232049465 0.05925925821065903
0 0.32604166865348816 0.6819444298744202 0.014583333395421505 0.05648148059844971
0 0.32760417461395264 0.602314829826355 0.014583333395421505 0.06203703582286835
0 0.30781251192092896 0.6861110925674438 0.014583333395421505 0.05925925821065903
0 0.30781251192092896 0.604629635810852 0.015625 0.06111111119389534
0 0.28854167461395264 0.6791666746139526 0.015625 0.05833333358168602
0 0.2890625 0.6050925850868225 0.014583333395421505 0.06018518656492233
0 0.2682291567325592 0.6944444179534912 0.015625 0.06481481343507767
0 0.27005207538604736 0.6004629731178284 0.015104166232049465 0.05462963134050369
0 0.25078123807907104 0.6814814805984497 0.01614583283662796 0.06111111119389534
0 0.2513020932674408 0.6097221970558167 0.01406249962747097 0.05277777835726738
0 0.23281249403953552 0.6810185313224792 0.015625 0.06203703582286835
0 0.23255208134651184 0.6013888716697693 0.015104166232049465 0.05648148059844971
0 0.2122395783662796 0.6754629611968994 0.015104166232049465 0.05833333358168602
0 0.21250000596046448 0.6078703999519348 0.014583333395421505 0.06203703582286835
0 0.19244791567325592 0.6768518686294556 0.01406249962747097 0.06111111119389534
0 0.1940104216337204 0.6078703999519348 0.015104166232049465 0.06018518656492233
0 0.17656250298023224 0.6791666746139526 0.01354166679084301 0.06018518656492233
0 0.17604166269302368 0.6050925850868225 0.01770833320915699 0.06574074178934097
0 0.15911458432674408 0.6824073791503906 0.01614583283662796 0.06296296417713165
0 0.1575520783662796 0.604629635810852 0.01406249962747097 0.06481481343507767
0 0.13619790971279144 0.6824073791503906 0.01718750037252903 0.06296296417713165
0 0.13906249403953552 0.6050925850868225 0.015625 0.05833333358168602
0 0.05052083358168602 0.6842592358589172 0.03541666641831398 0.02777777798473835
0 0.05000000074505806 0.7162036895751953 0.03750000149011612 0.03055555559694767
0 0.05833333358168602 0.7699074149131775 0.03333333507180214 0.05277777835726738
0 0.06848958134651184 0.8027777671813965 0.03281249850988388 0.05370370298624039
0 0.078125 0.8287037014961243 0.02500000037252903 0.04259259253740311
0 0.09270833432674408 0.8495370149612427 0.03125 0.05462963134050369
0 0.10572917014360428 0.8736110925674438 0.03333333507180214 0.05462963134050369
0 0.11640624701976776 0.9018518328666687 0.02968749962747097 0.05370370298624039
0 0.1315104216337204 0.9217592477798462 0.03072916716337204 0.05092592537403107
0 0.14635416865348816 0.947685182094574 0.04270833358168602 0.06388889253139496
0 0.15729166567325592 0.9754629731178284 0.03020833246409893 0.04722222313284874
0 0.17239584028720856 0.9842592477798462 0.02604166604578495 0.029629629105329514
0 0.0533854179084301 0.6490740776062012 0.0390625 0.02777777798473835
0 0.05234374850988388 0.6162037253379822 0.03697916492819786 0.028703704476356506
0 0.05312500149011612 0.582870364189148 0.03229166567325592 0.02500000037252903
0 0.05286458507180214 0.5486111044883728 0.03593749925494194 0.026851851493120193
0 0.0546875 0.5138888955116272 0.03437500074505806 0.025925925001502037
0 0.05156249925494194 0.48055556416511536 0.03333333507180214 0.025925925001502037
0 0.05312500149011612 0.4462963044643402 0.03541666641831398 0.02777777798473835
0 0.05781250074505806 0.4138889014720917 0.03854166716337204 0.029629629105329514
0 0.05911458283662796 0.3828703761100769 0.03697916492819786 0.02500000037252903
0 0.05833333358168602 0.34768518805503845 0.03541666641831398 0.02500000037252903
0 0.0572916679084301 0.3092592656612396 0.03541666641831398 0.02777777798473835
0 0.14270833134651184 0.3569444417953491 0.015625 0.06018518656492233
0 0.16432291269302368 0.3541666567325592 0.01614583283662796 0.06574074178934097
0 0.1809895783662796 0.3620370328426361 0.01406249962747097 0.05740740895271301
0 0.20026041567325592 0.3532407283782959 0.01718750037252903 0.06203703582286835
0 0.22031250596046448 0.35092592239379883 0.01666666753590107 0.06666667014360428
0 0.23906250298023224 0.3263888955116272 0.01770833320915699 0.06018518656492233
0 0.2588541805744171 0.35648149251937866 0.01666666753590107 0.06111111119389534
0 0.14296874403953552 0.4277777671813965 0.01822916604578495 0.06296296417713165
0 0.16380208730697632 0.42824074625968933 0.015104166232049465 0.05648148059844971
0 0.1809895783662796 0.4333333373069763 0.01614583283662796 0.05925925821065903
0 0.19947916269302368 0.43287035822868347 0.01666666753590107 0.06574074178934097
0 0.21822915971279144 0.43009260296821594 0.01666666753590107 0.06388889253139496
0 0.23749999701976776 0.4263888895511627 0.014583333395421505 0.05833333358168602
0 0.25468748807907104 0.4305555522441864 0.015625 0.06111111119389534
0 0.27552083134651184 0.427314817905426 0.01666666753590107 0.06574074178934097
0 0.2966145873069763 0.36064815521240234 0.01614583283662796 0.06203703582286835
0 0.3330729305744171 0.3638888895511627 0.015104166232049465 0.06111111119389534
0 0.3684895932674408 0.36574074625968933 0.015104166232049465 0.06481481343507767
0 0.3880208432674408 0.36574074625968933 0.015625 0.05925925821065903
0 0.40703123807907104 0.364814817905426 0.013020833022892475 0.05925925821065903
0 0.4281249940395355 0.3768518567085266 0.015625 0.06666667014360428
0 0.3125 0.4347222149372101 0.014583333395421505 0.06203703582286835
0 0.33151042461395264 0.432407408952713 0.013020833022892475 0.05740740895271301
0 0.3515625 0.43611112236976624 0.01354166679084301 0.06111111119389534
0 0.38671875 0.4356481432914734 0.015104166232049465 0.06018518656492233
0 0.40703123807907104 0.43888887763023376 0.013020833022892475 0.0555555559694767
0 0.4260416626930237 0.44999998807907104 0.014583333395421505 0.05740740895271301
0 0.4440104067325592 0.43796294927597046 0.013020833022892475 0.05925925821065903
0 0.4625000059604645 0.4393518567085266 0.01354166679084301 0.05833333358168602
0 0.48098957538604736 0.3611111044883728 0.01614583283662796 0.07962962985038757
0 0.4997395873069763 0.36851853132247925 0.01406249962747097 0.05740740895271301
0 0.4802083373069763 0.43611112236976624 0.012500000186264515 0.051851850003004074
0 0.49947917461395264 0.4402777850627899 0.014583333395421505 0.05833333358168602
0 0.5184895992279053 0.4337962865829468 0.01406249962747097 0.05648148059844971
0 0.53515625 0.36666667461395264 0.01406249962747097 0.06296296417713165
0 0.5559895634651184 0.3643518388271332 0.015104166232049465 0.05833333358168602
0 0.5731770992279053 0.3611111044883728 0.01406249962747097 0.05740740895271301
0 0.5544270873069763 0.4375 0.015104166232049465 0.06203703582286835
0 0.5726562738418579 0.4333333373069763 0.013020833022892475 0.06111111119389534
0 0.5908854007720947 0.4444444477558136 0.01406249962747097 0.05740740895271301
0 0.608593761920929 0.3601851761341095 0.01614583283662796 0.06481481343507767
0 0.609375 0.4356481432914734 0.01354166679084301 0.06018518656492233
0 0.6286458373069763 0.3569444417953491 0.014583333395421505 0.06018518656492233
0 0.6283854246139526 0.4342592656612396 0.01406249962747097 0.05925925821065903
0 0.6494791507720947 0.3601851761341095 0.015625 0.06481481343507767
0 0.6481770873069763 0.43703705072402954 0.01406249962747097 0.05370370298624039
0 0.6682291626930237 0.3662036955356598 0.015625 0.06388889253139496
0 0.668749988079071 0.43703705072402954 0.015625 0.06481481343507767
0 0.6872395873069763 0.3629629611968994 0.01406249962747097 0.06111111119389534
0 0.6872395873069763 0.42916667461395264 0.015104166232049465 0.05648148059844971
0 0.7054687738418579 0.3601851761341095 0.01406249962747097 0.05740740895271301
0 0.7049478888511658 0.4356481432914734 0.015104166232049465 0.06759259104728699
0 0.7229166626930237 0.3620370328426361 0.01354166679084301 0.05740740895271301
0 0.7236979007720947 0.43009260296821594 0.01406249962747097 0.05648148059844971
0 0.7406250238418579 0.3680555522441864 0.014583333395421505 0.06388889253139496
0 0.7432291507720947 0.44212964177131653 0.015625 0.06203703582286835
0 0.7598958611488342 0.3712962865829468 0.014583333395421505 0.0555555559694767
0 0.7606770992279053 0.44583332538604736 0.01406249962747097 0.05833333358168602
0 0.7791666388511658 0.37037035822868347 0.014583333395421505 0.05925925821065903
0 0.778124988079071 0.4337962865829468 0.014583333395421505 0.05833333358168602
0 0.7973958253860474 0.36759260296821594 0.015625 0.06111111119389534
0 0.7973958253860474 0.4462963044643402 0.01666666753590107 0.06296296417713165
0 0.609375 0.6087962985038757 0.014583333395421505 0.06203703582286835
0 0.6286458373069763 0.6083333492279053 0.014583333395421505 0.06111111119389534
0 0.6479166746139526 0.6041666865348816 0.015625 0.06388889253139496
0 0.6651041507720947 0.6037036776542664 0.015625 0.06111111119389534
0 0.6846354007720947 0.6064814925193787 0.01406249962747097 0.06111111119389534
0 0.7028645873069763 0.6120370626449585 0.013020833022892475 0.04814814776182175
0 0.72265625 0.6092592477798462 0.013020833022892475 0.05925925821065903
0 0.7388020753860474 0.6087962985038757 0.015104166232049465 0.06203703582286835
0 0.7591145634651184 0.6087962985038757 0.01718750037252903 0.06574074178934097
0 0.7755208611488342 0.6101852059364319 0.015625 0.06111111119389534
0 0.7953125238418579 0.6101852059364319 0.015625 0.06481481343507767
0 0.8140624761581421 0.6129629611968994 0.01354166679084301 0.0555555559694767
0 0.8315104246139526 0.6097221970558167 0.015104166232049465 0.05833333358168602
0 0.8513020873069763 0.6134259104728699 0.01614583283662796 0.05833333358168602
0 0.8713541626930237 0.6175925731658936 0.015625 0.06481481343507767
0 0.8919270634651184 0.6231481432914734 0.01614583283662796 0.05370370298624039
0 0.9075520634651184 0.6111111044883728 0.01406249962747097 0.05370370298624039
0 0.7559896111488342 0.6879629492759705 0.01406249962747097 0.06111111119389534
0 0.7760416865348816 0.6875 0.015625 0.06388889253139496
0 0.7953125238418579 0.6888889074325562 0.014583333395421505 0.0555555559694767
0 0.8143228888511658 0.6847222447395325 0.013020833022892475 0.06018518656492233
0 0.8325520753860474 0.6870370507240295 0.015104166232049465 0.05925925821065903
0 0.850781261920929 0.6824073791503906 0.015104166232049465 0.06111111119389534
0 0.8690103888511658 0.6856481432914734 0.01614583283662796 0.06018518656492233
0 0.8893229365348816 0.6930555701255798 0.01614583283662796 0.06018518656492233
0 0.9088541865348816 0.6907407641410828 0.015625 0.06111111119389534
